sample_id,method,split,object_id,source_light_id,target_light_id,pred_r,pred_g,pred_b,target_r,target_g,target_b,delta_e76,delta_e00
real_world_dataset_2__obj006__l0__to__l0,full_image_white_patch,test,obj006,l0,l0,0.2,0.3176470588235294,0.1843137254901961,0.2,0.3176470588235294,0.1843137254901961,0.0,0.0
real_world_dataset_2__obj014__l0__to__l0,full_image_white_patch,test,obj014,l0,l0,0.6745098039215687,0.3058823529411765,0.2627450980392157,0.6745098039215687,0.3058823529411765,0.2627450980392157,0.0,0.0
real_world_dataset_2__obj019__l0__to__l0,full_image_white_patch,test,obj019,l0,l0,0.12549019607843137,0.11764705882352941,0.13725490196078433,0.12549019607843137,0.11764705882352941,0.13725490196078433,0.0,0.0
real_world_dataset_2__obj022__l0__to__l0,full_image_white_patch,test,obj022,l0,l0,0.20392156862745098,0.13725490196078433,0.13725490196078433,0.20392156862745098,0.13725490196078433,0.13725490196078433,0.0,0.0
real_world_dataset_2__obj030__l0__to__l0,full_image_white_patch,test,obj030,l0,l0,0.3843137254901961,0.4980392156862745,0.38823529411764707,0.3843137254901961,0.4980392156862745,0.38823529411764707,0.0,0.0
real_world_dataset_2__obj034__l0__to__l0,full_image_white_patch,test,obj034,l0,l0,0.6980392156862745,0.5725490196078431,0.47058823529411764,0.6980392156862745,0.5725490196078431,0.47058823529411764,0.0,0.0
real_world_dataset_2__obj035__l0__to__l0,full_image_white_patch,test,obj035,l0,l0,0.6901960784313725,0.47058823529411764,0.4588235294117647,0.6901960784313725,0.47058823529411764,0.4588235294117647,0.0,0.0
real_world_dataset_2__obj036__l0__to__l0,full_image_white_patch,test,obj036,l0,l0,0.10980392156862745,0.1411764705882353,0.15294117647058825,0.10980392156862745,0.1411764705882353,0.15294117647058825,0.0,0.0
real_world_dataset_2__obj041__l0__to__l0,full_image_white_patch,test,obj041,l0,l0,0.3058823529411765,0.12549019607843137,0.17647058823529413,0.3058823529411765,0.12549019607843137,0.17647058823529413,0.0,0.0
real_world_dataset_2__obj044__l0__to__l0,full_image_white_patch,test,obj044,l0,l0,0.49019607843137253,0.17254901960784313,0.2235294117647059,0.49019607843137253,0.17254901960784313,0.2235294117647059,0.0,0.0
real_world_dataset_2__obj047__l0__to__l0,full_image_white_patch,test,obj047,l0,l0,0.6313725490196078,0.2627450980392157,0.33725490196078434,0.6313725490196078,0.2627450980392157,0.33725490196078434,0.0,0.0
real_world_dataset_2__obj049__l0__to__l0,full_image_white_patch,test,obj049,l0,l0,0.5882352941176471,0.4549019607843137,0.4470588235294118,0.5882352941176471,0.4549019607843137,0.4470588235294118,0.0,0.0
real_world_dataset_2__obj058__l0__to__l0,full_image_white_patch,test,obj058,l0,l0,0.19607843137254902,0.13725490196078433,0.2235294117647059,0.19607843137254902,0.13725490196078433,0.2235294117647059,0.0,0.0
real_world_dataset_2__obj064__l0__to__l0,full_image_white_patch,test,obj064,l0,l0,0.4470588235294118,0.3333333333333333,0.42745098039215684,0.4470588235294118,0.3333333333333333,0.42745098039215684,0.0,0.0
real_world_dataset_2__obj077__l0__to__l0,full_image_white_patch,test,obj077,l0,l0,0.30980392156862746,0.12156862745098039,0.2980392156862745,0.30980392156862746,0.12156862745098039,0.2980392156862745,0.0,0.0
real_world_dataset_2__obj097__l0__to__l0,full_image_white_patch,test,obj097,l0,l0,0.11372549019607843,0.25098039215686274,0.47058823529411764,0.11372549019607843,0.25098039215686274,0.47058823529411764,0.0,0.0
real_world_dataset_2__obj102__l0__to__l0,full_image_white_patch,test,obj102,l0,l0,0.00392156862745098,0.3843137254901961,0.6588235294117647,0.00392156862745098,0.3843137254901961,0.6588235294117647,0.0,0.0
real_world_dataset_2__obj110__l0__to__l0,full_image_white_patch,test,obj110,l0,l0,0.1568627450980392,0.13333333333333333,0.14901960784313725,0.1568627450980392,0.13333333333333333,0.14901960784313725,0.0,0.0
real_world_dataset_2__obj113__l0__to__l0,full_image_white_patch,test,obj113,l0,l0,0.24313725490196078,0.1411764705882353,0.14901960784313725,0.24313725490196078,0.1411764705882353,0.14901960784313725,0.0,0.0
real_world_dataset_2__obj136__l0__to__l0,full_image_white_patch,test,obj136,l0,l0,0.42745098039215684,0.38823529411764707,0.2901960784313726,0.42745098039215684,0.38823529411764707,0.2901960784313726,0.0,0.0
real_world_dataset_2__obj139__l0__to__l0,full_image_white_patch,test,obj139,l0,l0,0.592156862745098,0.5254901960784314,0.40784313725490196,0.592156862745098,0.5254901960784314,0.40784313725490196,0.0,0.0
real_world_dataset_2__obj140__l0__to__l0,full_image_white_patch,test,obj140,l0,l0,0.7411764705882353,0.4470588235294118,0.4196078431372549,0.7411764705882353,0.4470588235294118,0.4196078431372549,0.0,0.0
real_world_dataset_2__obj141__l0__to__l0,full_image_white_patch,test,obj141,l0,l0,0.38823529411764707,0.6,0.49411764705882355,0.38823529411764707,0.6,0.49411764705882355,0.0,0.0
real_world_dataset_2__obj163__l0__to__l0,full_image_white_patch,test,obj163,l0,l0,0.12549019607843137,0.15294117647058825,0.1843137254901961,0.12549019607843137,0.15294117647058825,0.1843137254901961,0.0,0.0
real_world_dataset_2__obj175__l0__to__l0,full_image_white_patch,test,obj175,l0,l0,0.43529411764705883,0.5058823529411764,0.5647058823529412,0.43529411764705883,0.5058823529411764,0.5647058823529412,0.0,0.0
real_world_dataset_2__obj181__l0__to__l0,full_image_white_patch,test,obj181,l0,l0,0.11372549019607843,0.16470588235294117,0.23921568627450981,0.11372549019607843,0.16470588235294117,0.23921568627450981,0.0,0.0
real_world_dataset_2__obj182__l0__to__l0,full_image_white_patch,test,obj182,l0,l0,0.17647058823529413,0.13725490196078433,0.21568627450980393,0.17647058823529413,0.13725490196078433,0.21568627450980393,0.0,0.0
real_world_dataset_2__obj193__l0__to__l0,full_image_white_patch,test,obj193,l0,l0,0.2823529411764706,0.47843137254901963,0.6078431372549019,0.2823529411764706,0.47843137254901963,0.6078431372549019,0.0,0.0
real_world_dataset_2__obj194__l0__to__l0,full_image_white_patch,test,obj194,l0,l0,0.5725490196078431,0.3803921568627451,0.5725490196078431,0.5725490196078431,0.3803921568627451,0.5725490196078431,0.0,0.0
real_world_dataset_2__obj195__l0__to__l0,full_image_white_patch,test,obj195,l0,l0,0.00392156862745098,0.4196078431372549,0.5450980392156862,0.00392156862745098,0.4196078431372549,0.5450980392156862,0.0,0.0
real_world_dataset_2__obj198__l0__to__l0,full_image_white_patch,test,obj198,l0,l0,0.10980392156862745,0.20392156862745098,0.3215686274509804,0.10980392156862745,0.20392156862745098,0.3215686274509804,0.0,0.0
real_world_dataset_2__obj199__l0__to__l0,full_image_white_patch,test,obj199,l0,l0,0.11372549019607843,0.18823529411764706,0.30196078431372547,0.11372549019607843,0.18823529411764706,0.30196078431372547,0.0,0.0
real_world_dataset_2__obj205__l0__to__l0,full_image_white_patch,test,obj205,l0,l0,0.00392156862745098,0.33725490196078434,0.6235294117647059,0.00392156862745098,0.33725490196078434,0.6235294117647059,0.0,0.0
real_world_dataset_2__obj006__l0__to__l1,full_image_white_patch,test,obj006,l0,l1,0.21518590709364838,0.3221383431076488,0.16596316152254822,0.25882352941176473,0.3254901960784314,0.1803921568627451,4.938577805992035,3.0865057429819704
real_world_dataset_2__obj014__l0__to__l1,full_image_white_patch,test,obj014,l0,l1,0.7257250200021083,0.3102072933629211,0.23658578344703682,0.7490196078431373,0.32941176470588235,0.21568627450980393,5.642768812638818,3.4196853458533467
real_world_dataset_2__obj019__l0__to__l1,full_image_white_patch,test,obj019,l0,l1,0.13501860837248525,0.11931049744727733,0.12358958836785505,0.14901960784313725,0.12941176470588237,0.11764705882352941,3.225057801513596,2.9795636010318303
real_world_dataset_2__obj022__l0__to__l1,full_image_white_patch,test,obj022,l0,l1,0.21940523860528854,0.1391955803551569,0.12358958836785505,0.23529411764705882,0.15294117647058825,0.13333333333333333,1.801738771805946,1.2476274924979458
real_world_dataset_2__obj030__l0__to__l1,full_image_white_patch,test,obj030,l0,l1,0.41349448814073614,0.5050811058601408,0.3495819785262186,0.4823529411764706,0.5137254901960784,0.34509803921568627,6.971738064733924,5.380508799719198
real_world_dataset_2__obj034__l0__to__l1,full_image_white_patch,test,obj034,l0,l1,0.7510410090719492,0.580644420910083,0.42373573154693156,0.7607843137254902,0.5843137254901961,0.3686274509803922,8.029339867644689,3.9728466610674436
real_world_dataset_2__obj035__l0__to__l1,full_image_white_patch,test,obj035,l0,l1,0.7426023460486689,0.4772419897891093,0.4131423382582583,0.7490196078431373,0.4745098039215686,0.3411764705882353,10.044834390293222,6.149111536855956
real_world_dataset_2__obj036__l0__to__l1,full_image_white_patch,test,obj036,l0,l1,0.1181412823259246,0.1431725969367328,0.13771411275275278,0.12549019607843137,0.1411764705882353,0.13725490196078433,1.1584789376895213,1.4720510800842515
real_world_dataset_2__obj041__l0__to__l1,full_image_white_patch,test,obj041,l0,l1,0.32910785790793284,0.12726453061042914,0.15890089933009935,0.3411764705882353,0.14901960784313725,0.1568627450980392,3.8917958831426076,2.7278476709054544
real_world_dataset_2__obj044__l0__to__l1,full_image_white_patch,test,obj044,l0,l1,0.5274164389550206,0.1749887295893401,0.20127447248479252,0.5450980392156862,0.20392156862745098,0.2,4.178311806721042,2.8791340816253457
real_world_dataset_2__obj047__l0__to__l1,full_image_white_patch,test,obj047,l0,l1,0.6793123733740665,0.26646011096558603,0.303677274275301,0.7058823529411765,0.3058823529411765,0.2823529411764706,8.274903504467325,5.509506470640004
real_world_dataset_2__obj049__l0__to__l1,full_image_white_patch,test,obj049,l0,l1,0.6328997267460247,0.46133392346280566,0.40254894496958504,0.6627450980392157,0.47843137254901963,0.3607843137254902,8.817004917472579,5.919978026958215
real_world_dataset_2__obj058__l0__to__l1,full_image_white_patch,test,obj058,l0,l1,0.2109665755820082,0.1391955803551569,0.20127447248479252,0.21568627450980393,0.14901960784313725,0.18823529411764706,4.069461786060905,2.8510084090439123
real_world_dataset_2__obj064__l0__to__l1,full_image_white_patch,test,obj064,l0,l1,0.48100379232697876,0.3380464094339524,0.38489328948846285,0.5098039215686274,0.34509803921568627,0.35294117647058826,6.855431657573413,4.769832257904634
real_world_dataset_2__obj077__l0__to__l1,full_image_white_patch,test,obj077,l0,l1,0.333327189419573,0.12328751402885324,0.2683659633130567,0.33725490196078434,0.1450980392156863,0.24705882352941178,6.584113364380568,3.3743322224440386
real_world_dataset_2__obj097__l0__to__l1,full_image_white_patch,test,obj097,l0,l1,0.12236061383756476,0.2545290612208583,0.42373573154693156,0.1607843137254902,0.24705882352941178,0.38823529411764707,4.889562483770035,2.6138514189251083
real_world_dataset_2__obj102__l0__to__l1,full_image_white_patch,test,obj102,l0,l1,0.004219331511640164,0.3897476249944393,0.5932300241657043,0.0,0.35294117647058826,0.5529411764705883,3.9582632598110985,3.3217149587147614
real_world_dataset_2__obj110__l0__to__l1,full_image_white_patch,test,obj110,l0,l1,0.16877326046560656,0.13521856377358096,0.13418298165652834,0.16470588235294117,0.13333333333333333,0.12549019607843137,1.2830152458834503,1.3068514986359177
real_world_dataset_2__obj113__l0__to__l1,full_image_white_patch,test,obj113,l0,l1,0.26159855372169016,0.1431725969367328,0.13418298165652834,0.26666666666666666,0.1411764705882353,0.12941176470588237,1.2146463324082788,0.7702269892523103
real_world_dataset_2__obj136__l0__to__l1,full_image_white_patch,test,obj136,l0,l1,0.45990713476877787,0.3937246415760152,0.26130370112060786,0.4745098039215686,0.396078431372549,0.23529411764705882,4.528353209232713,2.2212831360911864
real_world_dataset_2__obj139__l0__to__l1,full_image_white_patch,test,obj139,l0,l1,0.6371190582576648,0.5329202219311721,0.3672376340073407,0.6470588235294118,0.5294117647058824,0.3411764705882353,3.689520645282331,1.6322675282212542
real_world_dataset_2__obj140__l0__to__l1,full_image_white_patch,test,obj140,l0,l1,0.797453655699991,0.45337989029965386,0.37783102729601403,0.792156862745098,0.4627450980392157,0.3333333333333333,7.084793909870168,4.6961619122855645
real_world_dataset_2__obj141__l0__to__l1,full_image_white_patch,test,obj141,l0,l1,0.41771381965237625,0.6084835369811143,0.4449225181242782,0.47058823529411764,0.596078431372549,0.40784313725490196,6.88036181956705,4.290497399186639
real_world_dataset_2__obj163__l0__to__l1,full_image_white_patch,test,obj163,l0,l1,0.13501860837248525,0.15510364668146054,0.16596316152254822,0.1450980392156863,0.14901960784313725,0.1607843137254902,1.927596920129104,2.6352369026997313
real_world_dataset_2__obj175__l0__to__l1,full_image_white_patch,test,obj175,l0,l1,0.46834579779205826,0.5130351390232925,0.5084828778563178,0.5254901960784314,0.5450980392156862,0.5215686274509804,5.092311741932108,4.869503748724888
real_world_dataset_2__obj181__l0__to__l1,full_image_white_patch,test,obj181,l0,l1,0.12236061383756476,0.16703469642618826,0.21539899686969025,0.12156862745098039,0.1568627450980392,0.2,1.6014095980398846,1.2002909995020425
real_world_dataset_2__obj182__l0__to__l1,full_image_white_patch,test,obj182,l0,l1,0.1898699180238074,0.1391955803551569,0.19421221029234365,0.1803921568627451,0.12549019607843137,0.1803921568627451,1.6339471213143661,1.1496249338768874
real_world_dataset_2__obj193__l0__to__l1,full_image_white_patch,test,obj193,l0,l1,0.30379186883809184,0.48519602295226116,0.5473253199147866,0.38823529411764707,0.5333333333333333,0.592156862745098,5.929078154086799,5.568627540912161
real_world_dataset_2__obj194__l0__to__l1,full_image_white_patch,test,obj194,l0,l1,0.6160224006994639,0.38577060841286337,0.5155451400487667,0.6627450980392157,0.4392156862745098,0.5372549019607843,6.707166665618012,5.377875969456359
real_world_dataset_2__obj195__l0__to__l1,full_image_white_patch,test,obj195,l0,l1,0.004219331511640164,0.42554077422862246,0.4908272223751957,0.03137254901960784,0.42745098039215684,0.5019607843137255,1.7022395910704613,1.1603768985458809
real_world_dataset_2__obj198__l0__to__l1,full_image_white_patch,test,obj198,l0,l1,0.1181412823259246,0.20680486224194738,0.28955274989040325,0.11764705882352941,0.18823529411764706,0.27058823529411763,2.391908763617679,2.158694253371249
real_world_dataset_2__obj199__l0__to__l1,full_image_white_patch,test,obj199,l0,l1,0.12236061383756476,0.19089679591564374,0.2718970944092811,0.11372549019607843,0.1803921568627451,0.2549019607843137,1.6366067470983354,1.110770569807544
real_world_dataset_2__obj205__l0__to__l1,full_image_white_patch,test,obj205,l0,l1,0.004219331511640164,0.3420234260155284,0.5614498442996844,0.00392156862745098,0.34901960784313724,0.592156862745098,3.874833700614888,1.1772753612158773
real_world_dataset_2__obj006__l0__to__l2,full_image_white_patch,test,obj006,l0,l2,0.2084521807267764,0.28217310808245655,0.19538525943460097,0.27450980392156865,0.25098039215686274,0.13725490196078433,12.856253495104623,11.873821250985298
real_world_dataset_2__obj014__l0__to__l2,full_image_white_patch,test,obj014,l0,l2,0.7030151977452067,0.27172225222755075,0.27852792302379287,0.788235294117647,0.2980392156862745,0.21568627450980393,16.774656159180992,8.763495444364489
real_world_dataset_2__obj019__l0__to__l2,full_image_white_patch,test,obj019,l0,l2,0.1307935251618989,0.10450855854905798,0.14549966128108582,0.16470588235294117,0.10196078431372549,0.10980392156862745,8.152147844720586,6.80904409002029
real_world_dataset_2__obj022__l0__to__l2,full_image_white_patch,test,obj022,l0,l2,0.2125394783880857,0.12192665164056765,0.14549966128108582,0.25098039215686274,0.11764705882352941,0.11372549019607843,8.59561653268521,5.914384954553771
real_world_dataset_2__obj030__l0__to__l2,full_image_white_patch,test,obj030,l0,l2,0.40055517080831543,0.44241956452434544,0.4115561847664999,0.5215686274509804,0.4627450980392157,0.3333333333333333,18.81538964442162,14.862938111576918
real_world_dataset_2__obj034__l0__to__l2,full_image_white_patch,test,obj034,l0,l2,0.7275389837130626,0.5086083182720821,0.49885598153515137,0.807843137254902,0.5529411764705883,0.4117647058823529,19.685655743792292,12.97829954251128
real_world_dataset_2__obj035__l0__to__l2,full_image_white_patch,test,obj035,l0,l2,0.7193643883904439,0.4180342341962319,0.4863845819967726,0.796078431372549,0.44313725490196076,0.4,18.47158666890543,11.529782413101854
real_world_dataset_2__obj036__l0__to__l2,full_image_white_patch,test,obj036,l0,l2,0.11444433451666154,0.12541027025886958,0.16212819399892422,0.1568627450980392,0.12156862745098039,0.12549019607843137,8.30121362215914,7.9994120844804355
real_world_dataset_2__obj041__l0__to__l2,full_image_white_patch,test,obj041,l0,l2,0.3188092175821286,0.11147579578566184,0.18707099307568179,0.35294117647058826,0.11372549019607843,0.12941176470588237,12.582054715903933,8.049356342341031
real_world_dataset_2__obj044__l0__to__l2,full_image_white_patch,test,obj044,l0,l2,0.5109122076636676,0.15327921920528503,0.23695659122919693,0.5647058823529412,0.1607843137254902,0.17647058823529413,14.38066619346626,7.975025594707339
real_world_dataset_2__obj047__l0__to__l2,full_image_white_patch,test,obj047,l0,l2,0.6580549234708039,0.23340244742622948,0.3575134534335252,0.7411764705882353,0.2627450980392157,0.2784313725490196,19.655735455536394,10.93280034354402
real_world_dataset_2__obj049__l0__to__l2,full_image_white_patch,test,obj049,l0,l2,0.6130946491964011,0.4040997597230242,0.47391318245839387,0.7019607843137254,0.43529411764705883,0.3843137254901961,20.176083955258395,13.594268412723114
real_world_dataset_2__obj058__l0__to__l2,full_image_white_patch,test,obj058,l0,l2,0.20436488306546705,0.12192665164056765,0.23695659122919693,0.23921568627450981,0.11372549019607843,0.16470588235294117,13.157673629838378,8.535304523267365
real_world_dataset_2__obj064__l0__to__l2,full_image_white_patch,test,obj064,l0,l2,0.4659519333892649,0.2961075825556643,0.45312751656109584,0.5450980392156862,0.2901960784313726,0.33725490196078434,21.093919811878425,12.701362221370566
real_world_dataset_2__obj077__l0__to__l2,full_image_white_patch,test,obj077,l0,l2,0.32289651524343793,0.10799217716735991,0.3159421216389292,0.3607843137254902,0.11372549019607843,0.2235294117647059,17.743667456999457,9.570761799095822
real_world_dataset_2__obj097__l0__to__l2,full_image_white_patch,test,obj097,l0,l2,0.11853163217797089,0.2229515915713237,0.49885598153515137,0.21176470588235294,0.2,0.34901960784313724,21.035708489136535,10.172473214112241
real_world_dataset_2__obj102__l0__to__l2,full_image_white_patch,test,obj102,l0,l2,0.004087297661309341,0.34139462459358944,0.6983983741492119,0.011764705882352941,0.3215686274509804,0.5686274509803921,17.619877206859307,4.417339495863151
real_world_dataset_2__obj110__l0__to__l2,full_image_white_patch,test,obj110,l0,l2,0.16349190645237363,0.1184430330222657,0.1579710608194646,0.18823529411764706,0.10980392156862745,0.12156862745098039,7.151602194027411,5.756092025652844
real_world_dataset_2__obj113__l0__to__l2,full_image_white_patch,test,obj113,l0,l2,0.25341245500117915,0.12541027025886958,0.1579710608194646,0.27450980392156865,0.10980392156862745,0.11372549019607843,8.364598603710101,5.405601423976803
real_world_dataset_2__obj136__l0__to__l2,full_image_white_patch,test,obj136,l0,l2,0.4455154450827181,0.3448782432118913,0.30762785528001,0.5019607843137255,0.3215686274509804,0.20784313725490197,16.753729581597604,8.970012846605266
real_world_dataset_2__obj139__l0__to__l2,full_image_white_patch,test,obj139,l0,l2,0.6171819468577104,0.46680489485245896,0.4323418506637979,0.6823529411764706,0.4745098039215686,0.3215686274509804,19.17570240609507,11.135626443151164
real_world_dataset_2__obj140__l0__to__l2,full_image_white_patch,test,obj140,l0,l2,0.7724992579874654,0.39713252248642034,0.44481325020217666,0.8235294117647058,0.41568627450980394,0.3411764705882353,18.85087585316203,11.140885777524238
real_world_dataset_2__obj141__l0__to__l2,full_image_white_patch,test,obj141,l0,l2,0.40464246846962476,0.5329936486001957,0.523798780611909,0.5294117647058824,0.5529411764705883,0.41568627450980394,21.030066587332296,15.388433202098838
real_world_dataset_2__obj163__l0__to__l2,full_image_white_patch,test,obj163,l0,l2,0.1307935251618989,0.13586112611377538,0.19538525943460097,0.17647058823529413,0.13725490196078433,0.1607843137254902,8.335132041847212,7.3378179859569865
real_world_dataset_2__obj175__l0__to__l2,full_image_white_patch,test,obj175,l0,l2,0.45369004040533684,0.4493868017609493,0.5986271778421817,0.592156862745098,0.4980392156862745,0.5294117647058824,20.44827537092242,14.830594810217486
real_world_dataset_2__obj181__l0__to__l2,full_image_white_patch,test,obj181,l0,l2,0.11853163217797089,0.14631198196868117,0.2535851239470353,0.1607843137254902,0.1450980392156863,0.20784313725490197,8.666887447909676,6.125174520942414
real_world_dataset_2__obj182__l0__to__l2,full_image_white_patch,test,obj182,l0,l2,0.18392839475892034,0.12192665164056765,0.22864232487027772,0.21568627450980393,0.11764705882352941,0.1843137254901961,8.637438998891431,5.896392612849284
real_world_dataset_2__obj193__l0__to__l2,full_image_white_patch,test,obj193,l0,l2,0.2942854316142725,0.4250014714328358,0.6443556428162371,0.47843137254901963,0.4980392156862745,0.611764705882353,19.412178553542272,13.090751747857265
real_world_dataset_2__obj194__l0__to__l2,full_image_white_patch,test,obj194,l0,l2,0.5967454585511637,0.33791100597528745,0.6069414442011009,0.7254901960784313,0.4117647058823529,0.592156862745098,17.01107554270681,11.036408942031025
real_world_dataset_2__obj195__l0__to__l2,full_image_white_patch,test,obj195,l0,l2,0.004087297661309341,0.3727471921583068,0.5778415119448836,0.11764705882352941,0.42745098039215684,0.5529411764705883,14.715409225672042,7.729908342939384
real_world_dataset_2__obj198__l0__to__l2,full_image_white_patch,test,obj198,l0,l2,0.11444433451666154,0.18114816815170048,0.3408849207156868,0.16470588235294117,0.1843137254901961,0.2823529411764706,10.848022912665007,5.705844767157169
real_world_dataset_2__obj199__l0__to__l2,full_image_white_patch,test,obj199,l0,l2,0.11853163217797089,0.16721369367849276,0.3200992548183888,0.16470588235294117,0.16470588235294117,0.2627450980392157,9.872906387933858,5.877653578841194
real_world_dataset_2__obj205__l0__to__l2,full_image_white_patch,test,obj205,l0,l2,0.004087297661309341,0.2995912011739662,0.6609841755340756,0.07450980392156863,0.30196078431372547,0.5529411764705883,17.966365102352366,3.6158368539696295
real_world_dataset_2__obj006__l0__to__l3,full_image_white_patch,test,obj006,l0,l3,0.20732136290584183,0.3185506408346326,0.17662496673762695,0.2627450980392157,0.3254901960784314,0.1568627450980392,6.778309197699634,4.640450239629449
real_world_dataset_2__obj014__l0__to__l3,full_image_white_patch,test,obj014,l0,l3,0.6992014592118587,0.3067524689518684,0.2517845270515107,0.7372549019607844,0.34901960784313724,0.2235294117647059,9.603129649409015,6.381286366612978
real_world_dataset_2__obj019__l0__to__l3,full_image_white_patch,test,obj019,l0,l3,0.1300839924115086,0.11798171882764169,0.13152923054929666,0.1803921568627451,0.1411764705882353,0.12941176470588237,6.835754136340658,5.890354200985868
real_world_dataset_2__obj022__l0__to__l3,full_image_white_patch,test,obj022,l0,l3,0.21138648766870147,0.13764533863224865,0.13152923054929666,0.2784313725490196,0.16470588235294117,0.12941176470588237,8.923469982062239,6.111273717885097
real_world_dataset_2__obj030__l0__to__l3,full_image_white_patch,test,obj030,l0,l3,0.3983822267602451,0.4994559430370165,0.37203982355372484,0.4627450980392157,0.49019607843137253,0.3411764705882353,8.3663284235744,6.533369511169797
real_world_dataset_2__obj034__l0__to__l3,full_image_white_patch,test,obj034,l0,l3,0.7235922077890166,0.5741776982945229,0.4509573618833028,0.7607843137254902,0.5882352941176471,0.4196078431372549,7.172105738919472,3.613222102874459
real_world_dataset_2__obj035__l0__to__l3,full_image_white_patch,test,obj035,l0,l3,0.7154619582632973,0.47192687531056676,0.4396834278362202,0.7490196078431373,0.49019607843137253,0.4,8.794893110358043,5.878925198692046
real_world_dataset_2__obj036__l0__to__l3,full_image_white_patch,test,obj036,l0,l3,0.11382349336007001,0.14157806259317002,0.14656114261207343,0.1411764705882353,0.1568627450980392,0.13333333333333333,5.606235952069783,5.018874750110064
real_world_dataset_2__obj041__l0__to__l3,full_image_white_patch,test,obj041,l0,l3,0.31707973150305224,0.12584716674948448,0.16910901070623857,0.4,0.16470588235294117,0.16862745098039217,10.964064951193835,7.046501576811197
real_world_dataset_2__obj044__l0__to__l3,full_image_white_patch,test,obj044,l0,l3,0.5081405953574554,0.17303985428054114,0.21420474689456884,0.5882352941176471,0.23137254901960785,0.21176470588235294,11.212210393451693,7.534663172576394
real_world_dataset_2__obj047__l0__to__l3,full_image_white_patch,test,obj047,l0,l3,0.6544850868204026,0.26349250538173313,0.3231861093497004,0.7137254901960784,0.3176470588235294,0.2980392156862745,12.061570313013032,8.119460390513709
real_world_dataset_2__obj049__l0__to__l3,full_image_white_patch,test,obj049,l0,l3,0.6097687144289465,0.45619597946688123,0.4284094937891377,0.6509803921568628,0.4745098039215686,0.39215686274509803,8.799831436968114,6.1670900296134805
real_world_dataset_2__obj058__l0__to__l3,full_image_white_patch,test,obj058,l0,l3,0.2032562381429822,0.13764533863224865,0.21420474689456884,0.25098039215686274,0.1607843137254902,0.2,8.113336608142232,5.662988639999031
real_world_dataset_2__obj064__l0__to__l3,full_image_white_patch,test,obj064,l0,l3,0.4634242229659994,0.3342815366783181,0.4096196037106667,0.5176470588235295,0.3568627450980392,0.37254901960784315,10.530428921866704,7.317748420249015
real_world_dataset_2__obj077__l0__to__l3,full_image_white_patch,test,obj077,l0,l3,0.3211448562659118,0.12191444278856309,0.28560632919275847,0.3843137254901961,0.1607843137254902,0.2823529411764706,9.240406936019186,5.646071920018821
real_world_dataset_2__obj097__l0__to__l3,full_image_white_patch,test,obj097,l0,l3,0.11788861812292967,0.25169433349896897,0.4509573618833028,0.17254901960784313,0.2823529411764706,0.43137254901960786,9.32710192981948,3.2300914710533535
real_world_dataset_2__obj102__l0__to__l3,full_image_white_patch,test,obj102,l0,l3,0.004065124762859643,0.38540694817029625,0.6313403066366239,0.0,0.38823529411764707,0.596078431372549,6.426947390722286,1.985518734977754
real_world_dataset_2__obj110__l0__to__l3,full_image_white_patch,test,obj110,l0,l3,0.16260499051438573,0.13371261467132725,0.14280316459637923,0.19215686274509805,0.1450980392156863,0.13725490196078433,4.354675896418567,3.7230133628382354
real_world_dataset_2__obj113__l0__to__l3,full_image_white_patch,test,obj113,l0,l3,0.2520377352972979,0.14157806259317002,0.14280316459637923,0.30980392156862746,0.1568627450980392,0.12941176470588237,8.801402431862714,5.594523672170041
real_world_dataset_2__obj136__l0__to__l3,full_image_white_patch,test,obj136,l0,l3,0.44309859915170113,0.3893396721312176,0.2780903731613701,0.4823529411764706,0.39215686274509803,0.23529411764705882,8.457017266958355,4.700634473908578
real_world_dataset_2__obj139__l0__to__l3,full_image_white_patch,test,obj139,l0,l3,0.6138338391918062,0.5269850107634663,0.39082971363219576,0.615686274509804,0.5019607843137255,0.34509803921568627,5.087281079092849,3.1906680657804993
real_world_dataset_2__obj140__l0__to__l3,full_image_white_patch,test,obj140,l0,l3,0.7683085801804727,0.44833053154503844,0.40210364767927836,0.7607843137254902,0.4549019607843137,0.3568627450980392,6.981486478664139,4.824068380651185
real_world_dataset_2__obj141__l0__to__l3,full_image_white_patch,test,obj141,l0,l3,0.40244735152310473,0.6017067660209726,0.47350522997746797,0.44313725490196076,0.5490196078431373,0.403921568627451,9.50457020818524,6.694213716566158
real_world_dataset_2__obj163__l0__to__l3,full_image_white_patch,test,obj163,l0,l3,0.1300839924115086,0.1533762344759342,0.17662496673762695,0.1450980392156863,0.1607843137254902,0.16470588235294117,3.655933946095349,3.2595201788020254
real_world_dataset_2__obj175__l0__to__l3,full_image_white_patch,test,obj175,l0,l3,0.45122884867742047,0.5073213909588593,0.5411488342599634,0.4980392156862745,0.5019607843137255,0.48627450980392156,8.724686808680898,8.008379779712405
real_world_dataset_2__obj181__l0__to__l3,full_image_white_patch,test,obj181,l0,l3,0.11788861812292967,0.16517440635869837,0.2292366589573456,0.12156862745098039,0.17254901960784313,0.22745098039215686,1.946179664698345,1.8053120538929524
real_world_dataset_2__obj182__l0__to__l3,full_image_white_patch,test,obj182,l0,l3,0.18293061432868396,0.13764533863224865,0.20668879086318045,0.21568627450980393,0.13725490196078433,0.2,4.310925081539041,3.718054787260794
real_world_dataset_2__obj193__l0__to__l3,full_image_white_patch,test,obj193,l0,l3,0.29268898292589435,0.47979232323240956,0.5824865924325994,0.38823529411764707,0.4980392156862745,0.5607843137254902,8.156243753628848,5.122369252073068
real_world_dataset_2__obj194__l0__to__l3,full_image_white_patch,test,obj194,l0,l3,0.593508215377508,0.38147422420937477,0.5486647902913517,0.6313725490196078,0.4196078431372549,0.5294117647058824,9.071078219473739,5.572635710274429
real_world_dataset_2__obj195__l0__to__l3,full_image_white_patch,test,obj195,l0,l3,0.004065124762859643,0.42080146381858874,0.5223589441814924,0.00392156862745098,0.41568627450980394,0.48627450980392156,5.134232230571497,3.2838281817178836
real_world_dataset_2__obj198__l0__to__l3,full_image_white_patch,test,obj198,l0,l3,0.11382349336007001,0.20450164596791226,0.3081541972869236,0.09803921568627451,0.20392156862745098,0.30196078431372547,1.5785683625162954,1.5685014186940962
real_world_dataset_2__obj199__l0__to__l3,full_image_white_patch,test,obj199,l0,l3,0.11788861812292967,0.1887707501242267,0.28936430720845263,0.10980392156862745,0.19607843137254902,0.2823529411764706,3.1468466510915145,2.8576311806049874
real_world_dataset_2__obj205__l0__to__l3,full_image_white_patch,test,obj205,l0,l3,0.004065124762859643,0.33821426063923954,0.5975185044953762,0.0,0.38823529411764707,0.6078431372549019,9.644264657607494,5.071522300779127
real_world_dataset_2__obj006__l0__to__l4,full_image_white_patch,test,obj006,l0,l4,0.2181306688116633,0.31866099981317403,0.16490172052750005,0.2980392156862745,0.3254901960784314,0.1568627450980392,9.025975948106241,6.567152454330366
real_world_dataset_2__obj014__l0__to__l4,full_image_white_patch,test,obj014,l0,l4,0.7356563732471781,0.3068587405608343,0.2350726654328192,0.7529411764705882,0.33725490196078434,0.18823529411764706,9.610194642922972,5.84480112824983
real_world_dataset_2__obj019__l0__to__l4,full_image_white_patch,test,obj019,l0,l4,0.136866301999475,0.1180225925233978,0.12279915358430854,0.2196078431372549,0.16862745098039217,0.1450980392156863,9.563286809898798,7.392962415935282
real_world_dataset_2__obj022__l0__to__l4,full_image_white_patch,test,obj022,l0,l4,0.22240774074914688,0.1376930246106308,0.12279915358430854,0.3058823529411765,0.18823529411764706,0.1411764705882353,9.772434922136537,6.611224140672403
real_world_dataset_2__obj030__l0__to__l4,full_image_white_patch,test,obj030,l0,l4,0.4191530498733922,0.4996289750157174,0.3473461772813299,0.48627450980392156,0.4745098039215686,0.2823529411764706,11.98457455806416,8.792433072174383
real_world_dataset_2__obj034__l0__to__l4,full_image_white_patch,test,obj034,l0,l4,0.7613188048720796,0.5743766169472027,0.42102566943191494,0.7686274509803922,0.5647058823529412,0.3411764705882353,10.088522842061684,4.598605095764767
real_world_dataset_2__obj035__l0__to__l4,full_image_white_patch,test,obj035,l0,l4,0.7527646609971125,0.4720903700935912,0.4105000276961171,0.7568627450980392,0.4666666666666667,0.3215686274509804,12.074771721076369,7.270842829201739
real_world_dataset_2__obj036__l0__to__l4,full_image_white_patch,test,obj036,l0,l4,0.11975801424954062,0.14162711102807737,0.13683334256537238,0.1843137254901961,0.18823529411764706,0.16470588235294117,7.062989210561919,5.41609916053153
real_world_dataset_2__obj041__l0__to__l4,full_image_white_patch,test,obj041,l0,l4,0.33361161112372034,0.125890765358291,0.15788462603696812,0.43137254901960786,0.1843137254901961,0.17254901960784313,11.683776075971947,7.754282542396304
real_world_dataset_2__obj044__l0__to__l4,full_image_white_patch,test,obj044,l0,l4,0.5346339921854492,0.1730998023676501,0.19998719298015963,0.6078431372549019,0.23529411764705882,0.1843137254901961,12.348356425012165,8.148307607959968
real_world_dataset_2__obj047__l0__to__l4,full_image_white_patch,test,obj047,l0,l4,0.6886085819348585,0.2635837899689218,0.3017350630928724,0.7294117647058823,0.3176470588235294,0.24705882352941178,14.780090101002028,9.435364219375336
real_world_dataset_2__obj049__l0__to__l4,full_image_white_patch,test,obj049,l0,l4,0.641560790622539,0.45635402442380485,0.39997438596031926,0.6745098039215687,0.47058823529411764,0.3215686274509804,13.686779578661042,8.552313559742936
real_world_dataset_2__obj058__l0__to__l4,full_image_white_patch,test,obj058,l0,l4,0.21385359687417968,0.1376930246106308,0.19998719298015963,0.2980392156862745,0.18823529411764706,0.20784313725490197,11.03686419759249,7.803317744451987
real_world_dataset_2__obj064__l0__to__l4,full_image_white_patch,test,obj064,l0,l4,0.4875862008731297,0.3343973454829604,0.3824316497339894,0.5411764705882353,0.35294117647058826,0.3176470588235294,14.063789303875959,9.891322913147848
real_world_dataset_2__obj077__l0__to__l4,full_image_white_patch,test,obj077,l0,l4,0.3378886830612039,0.1219566789408444,0.2666495906402128,0.4392156862745098,0.18823529411764706,0.2823529411764706,12.536116037197713,8.135976527748344
real_world_dataset_2__obj097__l0__to__l4,full_image_white_patch,test,obj097,l0,l4,0.12403508618702422,0.251781530716582,0.42102566943191494,0.22745098039215686,0.29411764705882354,0.4196078431372549,9.432869908920242,5.388411301953441
real_world_dataset_2__obj102__l0__to__l4,full_image_white_patch,test,obj102,l0,l4,0.004277071937483594,0.3855404689097662,0.5894359372046809,0.0,0.3686274509803922,0.5294117647058824,7.129032608739771,3.10565416315746
real_world_dataset_2__obj110__l0__to__l4,full_image_white_patch,test,obj110,l0,l4,0.17108287749934376,0.13375893819318418,0.1333247953201064,0.23921568627450981,0.1803921568627451,0.16862745098039217,6.994488747325729,5.070266413316633
real_world_dataset_2__obj113__l0__to__l4,full_image_white_patch,test,obj113,l0,l4,0.26517846012398283,0.14162711102807737,0.1333247953201064,0.3568627450980392,0.19215686274509805,0.1607843137254902,9.646310366406912,6.340680449077561
real_world_dataset_2__obj136__l0__to__l4,full_image_white_patch,test,obj136,l0,l4,0.4662008411857117,0.38947455532721276,0.2596324961496809,0.5137254901960784,0.403921568627451,0.23529411764705882,7.493909489698124,4.15307284878328
real_world_dataset_2__obj139__l0__to__l4,full_image_white_patch,test,obj139,l0,l4,0.6458378625600226,0.5271675799378436,0.3648889135076596,0.6549019607843137,0.5058823529411764,0.30196078431372547,7.551262809104979,3.419588954769374
real_world_dataset_2__obj140__l0__to__l4,full_image_white_patch,test,obj140,l0,l4,0.8083665961843992,0.4484858515889117,0.3754145552434575,0.8,0.4627450980392157,0.30980392156862746,10.387783450241772,6.764348040500627
real_world_dataset_2__obj141__l0__to__l4,full_image_white_patch,test,obj141,l0,l4,0.4234301218108758,0.6019152218693288,0.44207695290351073,0.4823529411764706,0.5490196078431373,0.3568627450980392,12.305454731453866,8.28970064149854
real_world_dataset_2__obj163__l0__to__l4,full_image_white_patch,test,obj163,l0,l4,0.136866301999475,0.15342937028041714,0.16490172052750005,0.20784313725490197,0.20392156862745098,0.21176470588235294,6.936605052740436,5.487950371766194
real_world_dataset_2__obj175__l0__to__l4,full_image_white_patch,test,obj175,l0,l4,0.4747549850606789,0.5074971478506105,0.505230803318298,0.5372549019607843,0.5137254901960784,0.47058823529411764,8.391941097133795,8.224803097509048
real_world_dataset_2__obj181__l0__to__l4,full_image_white_patch,test,obj181,l0,l4,0.12403508618702422,0.1652316295327569,0.21402138196122344,0.17647058823529413,0.20784313725490197,0.27058823529411763,5.889694006237819,4.528737319106076
real_world_dataset_2__obj182__l0__to__l4,full_image_white_patch,test,obj182,l0,l4,0.19246823718676173,0.1376930246106308,0.1929700984896277,0.25882352941176473,0.17254901960784313,0.24313725490196078,6.648078594425898,4.8539601881202525
real_world_dataset_2__obj193__l0__to__l4,full_image_white_patch,test,obj193,l0,l4,0.3079491794988187,0.47995854292848444,0.5438248230162235,0.4117647058823529,0.5058823529411764,0.5450980392156862,7.752321158476709,5.930781342426541
real_world_dataset_2__obj194__l0__to__l4,full_image_white_patch,test,obj194,l0,l4,0.6244525028726047,0.38160638249231954,0.5122478978088298,0.6627450980392157,0.43137254901960786,0.5019607843137255,9.550498303466812,6.298228222196944
real_world_dataset_2__obj195__l0__to__l4,full_image_white_patch,test,obj195,l0,l4,0.004277071937483594,0.4209472466667855,0.4876880670919681,0.050980392156862744,0.41568627450980394,0.47058823529411764,1.9629947167305928,1.2131813870682442
real_world_dataset_2__obj198__l0__to__l4,full_image_white_patch,test,obj198,l0,l4,0.11975801424954062,0.20457249370722286,0.28770087411180856,0.16470588235294117,0.24705882352941178,0.3411764705882353,5.185594995871711,3.724041486479383
real_world_dataset_2__obj199__l0__to__l4,full_image_white_patch,test,obj199,l0,l4,0.12403508618702422,0.18883614803743648,0.27015813788547877,0.16862745098039217,0.23529411764705882,0.3254901960784314,5.494582446104884,3.870145743720185
real_world_dataset_2__obj205__l0__to__l4,full_image_white_patch,test,obj205,l0,l4,0.004277071937483594,0.33833143190040704,0.5578590119972874,0.0,0.41568627450980394,0.6549019607843137,8.423629510856877,7.066899425772222
real_world_dataset_2__obj006__l1__to__l0,full_image_white_patch,test,obj006,l1,l0,0.24055806712204938,0.32095217993238856,0.20033813634037773,0.2,0.3176470588235294,0.1843137254901961,4.6301451234576305,2.8619429900773565
real_world_dataset_2__obj014__l1__to__l0,full_image_white_patch,test,obj014,l1,l0,0.6961604669744156,0.32481907366651375,0.23953472823306032,0.6745098039215687,0.3058823529411765,0.2627450980392157,6.092781605004535,3.857689912798451
real_world_dataset_2__obj019__l1__to__l0,full_image_white_patch,test,obj019,l1,l0,0.13850312955511931,0.1276074932261304,0.13065530630894198,0.12549019607843137,0.11764705882352941,0.13725490196078433,3.302795695974501,2.9724797932261526
real_world_dataset_2__obj022__l1__to__l0,full_image_white_patch,test,obj022,l1,l0,0.21868915192913577,0.1508088556308814,0.1480760138168009,0.20392156862745098,0.13725490196078433,0.13725490196078433,1.7029465439326077,1.1646765942812838
real_world_dataset_2__obj030__l1__to__l0,full_image_white_patch,test,obj030,l1,l0,0.4483127614547283,0.5065630791703963,0.3832555651728965,0.3843137254901961,0.4980392156862745,0.38823529411764707,6.151166504089958,4.9566226389222745
real_world_dataset_2__obj034__l1__to__l0,full_image_white_patch,test,obj034,l1,l0,0.7070949245708723,0.5761671663846494,0.40938662643468493,0.6980392156862745,0.5725490196078431,0.47058823529411764,9.039413527508446,5.408634995059753
real_world_dataset_2__obj035__l1__to__l0,full_image_white_patch,test,obj035,l1,l0,0.6961604669744156,0.46789414182914474,0.3789003882959318,0.6901960784313725,0.47058823529411764,0.4588235294117647,11.29518962728833,7.952397509298638
real_world_dataset_2__obj036__l1__to__l0,full_image_white_patch,test,obj036,l1,l0,0.11663421436220574,0.1392081744285059,0.15243119069376568,0.10980392156862745,0.1411764705882353,0.15294117647058825,1.0393080297255026,1.3474965812115762
real_world_dataset_2__obj041__l1__to__l0,full_image_white_patch,test,obj041,l1,l0,0.3170992702972469,0.1469419618967562,0.17420707507858932,0.3058823529411765,0.12549019607843137,0.17647058823529413,4.030246235079065,2.6851971183027468
real_world_dataset_2__obj044__l1__to__l0,full_image_white_patch,test,obj044,l1,l0,0.5066298686358311,0.2010784741745085,0.2221140207252014,0.49019607843137253,0.17254901960784313,0.2235294117647059,4.349431258882662,2.9254679742100627
real_world_dataset_2__obj047__l1__to__l0,full_image_white_patch,test,obj047,l1,l0,0.6560674557874073,0.3016177112617628,0.3135727351414608,0.6313725490196078,0.2627450980392157,0.33725490196078434,8.821056357548958,5.747815638337292
real_world_dataset_2__obj049__l1__to__l0,full_image_white_patch,test,obj049,l1,l0,0.6159744446003991,0.47176103556327,0.40067627268075545,0.5882352941176471,0.4549019607843137,0.4470588235294118,9.474235920857641,7.437367812606747
real_world_dataset_2__obj058__l1__to__l0,full_image_white_patch,test,obj058,l1,l0,0.20046505593504113,0.1469419618967562,0.20904849009430718,0.19607843137254902,0.13725490196078433,0.2235294117647059,4.340780429992286,2.7912372358283983
real_world_dataset_2__obj064__l1__to__l0,full_image_white_patch,test,obj064,l1,l0,0.4738264958464608,0.3402866486030144,0.39196591892682603,0.4470588235294118,0.3333333333333333,0.42745098039215684,7.125168703112188,4.701895923257416
real_world_dataset_2__obj077__l1__to__l0,full_image_white_patch,test,obj077,l1,l0,0.31345445109842796,0.14307506816263105,0.2743761432487782,0.30980392156862746,0.12156862745098039,0.2980392156862745,7.019288153183597,3.297641096444093
real_world_dataset_2__obj097__l1__to__l0,full_image_white_patch,test,obj097,l1,l0,0.14943758715157612,0.2436143052498853,0.43116251081950857,0.11372549019607843,0.25098039215686274,0.47058823529411764,5.283701066516372,2.2527579564034204
real_world_dataset_2__obj102__l1__to__l0,full_image_white_patch,test,obj102,l1,l0,0.0,0.34802043607126476,0.6140799396520275,0.00392156862745098,0.3843137254901961,0.6588235294117647,3.9243361176772007,3.3252473863782384
real_world_dataset_2__obj110__l1__to__l0,full_image_white_patch,test,obj110,l1,l0,0.15308240635039505,0.13147438696025557,0.13936566006287146,0.1568627450980392,0.13333333333333333,0.14901960784313725,1.459803611877525,1.3829879667436134
real_world_dataset_2__obj113__l1__to__l0,full_image_white_patch,test,obj113,l1,l0,0.2478477055196872,0.1392081744285059,0.1437208369398362,0.24313725490196078,0.1411764705882353,0.14901960784313725,1.1975400476044653,0.844579085872644
real_world_dataset_2__obj136__l1__to__l0,full_image_white_patch,test,obj136,l1,l0,0.44102312305709046,0.3905562671466415,0.26131061261788396,0.42745098039215684,0.38823529411764707,0.2901960784313726,4.930115750993668,2.7364161219879675
real_world_dataset_2__obj139__l1__to__l0,full_image_white_patch,test,obj139,l1,l0,0.6013951678051234,0.5220306541068971,0.3789003882959318,0.592156862745098,0.5254901960784314,0.40784313725490196,4.028066301830232,2.1029340477455345
real_world_dataset_2__obj140__l1__to__l0,full_image_white_patch,test,obj140,l1,l0,0.7362534781614237,0.4562934606267693,0.3701900345420023,0.7411764705882353,0.4470588235294118,0.4196078431372549,8.009753546550312,5.69399497796268
real_world_dataset_2__obj141__l1__to__l0,full_image_white_patch,test,obj141,l1,l0,0.43737830385827153,0.5877678475870248,0.4529383952043322,0.38823529411764707,0.6,0.49411764705882355,6.4999508567264135,4.324702087512346
real_world_dataset_2__obj163__l1__to__l0,full_image_white_patch,test,obj163,l1,l0,0.13485831035630041,0.1469419618967562,0.17856225195555406,0.12549019607843137,0.15294117647058825,0.1843137254901961,1.7143064305391822,2.2980404895929607
real_world_dataset_2__obj175__l1__to__l0,full_image_white_patch,test,obj175,l1,l0,0.48840577264173657,0.5374982290433977,0.5792385246363095,0.43529411764705883,0.5058823529411764,0.5647058823529412,4.631388339623605,3.95965310370107
real_world_dataset_2__obj181__l1__to__l0,full_image_white_patch,test,obj181,l1,l0,0.11298939516338681,0.15467574936500653,0.2221140207252014,0.11372549019607843,0.16470588235294117,0.23921568627450981,1.7284852017044556,1.1761803285026138
real_world_dataset_2__obj182__l1__to__l0,full_image_white_patch,test,obj182,l1,l0,0.16766168314567076,0.12374059949200523,0.20033813634037773,0.17647058823529413,0.13725490196078433,0.21568627450980393,1.643583230890834,1.1645499707515812
real_world_dataset_2__obj193__l1__to__l0,full_image_white_patch,test,obj193,l1,l0,0.360837100683074,0.5258975478410223,0.6576317084216747,0.2823529411764706,0.47843137254901963,0.6078431372549019,5.472813634667399,5.314013593132075
real_world_dataset_2__obj194__l1__to__l0,full_image_white_patch,test,obj194,l1,l0,0.6159744446003991,0.43309209822201833,0.5966592321441684,0.5725490196078431,0.3803921568627451,0.5725490196078431,6.511524498815713,5.102537894445513
real_world_dataset_2__obj195__l1__to__l0,full_image_white_patch,test,obj195,l1,l0,0.029158553590551434,0.4214914170196428,0.5574626402514858,0.00392156862745098,0.4196078431372549,0.5450980392156862,1.8709591323928096,1.1394986311430475
real_world_dataset_2__obj198__l1__to__l0,full_image_white_patch,test,obj198,l1,l0,0.10934457596456788,0.18561089923800783,0.30050720451056656,0.10980392156862745,0.20392156862745098,0.3215686274509804,2.299740132191787,1.9353413211542938
real_world_dataset_2__obj199__l1__to__l0,full_image_white_patch,test,obj199,l1,l0,0.10569975676574896,0.1778771117697575,0.28308649700270766,0.11372549019607843,0.18823529411764706,0.30196078431372547,1.844681644134003,1.1069919291011832
real_world_dataset_2__obj205__l1__to__l0,full_image_white_patch,test,obj205,l1,l0,0.0036448191988189293,0.3441535423371395,0.6576317084216747,0.00392156862745098,0.33725490196078434,0.6235294117647059,4.33661771902178,1.1954879116211965
real_world_dataset_2__obj006__l1__to__l1,full_image_white_patch,test,obj006,l1,l1,0.25882352941176473,0.3254901960784314,0.1803921568627451,0.25882352941176473,0.3254901960784314,0.1803921568627451,0.0,0.0
real_world_dataset_2__obj014__l1__to__l1,full_image_white_patch,test,obj014,l1,l1,0.7490196078431373,0.32941176470588235,0.21568627450980393,0.7490196078431373,0.32941176470588235,0.21568627450980393,0.0,0.0
real_world_dataset_2__obj019__l1__to__l1,full_image_white_patch,test,obj019,l1,l1,0.14901960784313725,0.12941176470588237,0.11764705882352941,0.14901960784313725,0.12941176470588237,0.11764705882352941,0.0,0.0
real_world_dataset_2__obj022__l1__to__l1,full_image_white_patch,test,obj022,l1,l1,0.23529411764705882,0.15294117647058825,0.13333333333333333,0.23529411764705882,0.15294117647058825,0.13333333333333333,0.0,0.0
real_world_dataset_2__obj030__l1__to__l1,full_image_white_patch,test,obj030,l1,l1,0.4823529411764706,0.5137254901960784,0.34509803921568627,0.4823529411764706,0.5137254901960784,0.34509803921568627,0.0,0.0
real_world_dataset_2__obj034__l1__to__l1,full_image_white_patch,test,obj034,l1,l1,0.7607843137254902,0.5843137254901961,0.3686274509803922,0.7607843137254902,0.5843137254901961,0.3686274509803922,0.0,0.0
real_world_dataset_2__obj035__l1__to__l1,full_image_white_patch,test,obj035,l1,l1,0.7490196078431373,0.4745098039215686,0.3411764705882353,0.7490196078431373,0.4745098039215686,0.3411764705882353,0.0,0.0
real_world_dataset_2__obj036__l1__to__l1,full_image_white_patch,test,obj036,l1,l1,0.12549019607843137,0.1411764705882353,0.13725490196078433,0.12549019607843137,0.1411764705882353,0.13725490196078433,0.0,0.0
real_world_dataset_2__obj041__l1__to__l1,full_image_white_patch,test,obj041,l1,l1,0.3411764705882353,0.14901960784313725,0.1568627450980392,0.3411764705882353,0.14901960784313725,0.1568627450980392,0.0,0.0
real_world_dataset_2__obj044__l1__to__l1,full_image_white_patch,test,obj044,l1,l1,0.5450980392156862,0.20392156862745098,0.2,0.5450980392156862,0.20392156862745098,0.2,0.0,0.0
real_world_dataset_2__obj047__l1__to__l1,full_image_white_patch,test,obj047,l1,l1,0.7058823529411765,0.3058823529411765,0.2823529411764706,0.7058823529411765,0.3058823529411765,0.2823529411764706,0.0,0.0
real_world_dataset_2__obj049__l1__to__l1,full_image_white_patch,test,obj049,l1,l1,0.6627450980392157,0.47843137254901963,0.3607843137254902,0.6627450980392157,0.47843137254901963,0.3607843137254902,0.0,0.0
real_world_dataset_2__obj058__l1__to__l1,full_image_white_patch,test,obj058,l1,l1,0.21568627450980393,0.14901960784313725,0.18823529411764706,0.21568627450980393,0.14901960784313725,0.18823529411764706,0.0,0.0
real_world_dataset_2__obj064__l1__to__l1,full_image_white_patch,test,obj064,l1,l1,0.5098039215686274,0.34509803921568627,0.35294117647058826,0.5098039215686274,0.34509803921568627,0.35294117647058826,0.0,0.0
real_world_dataset_2__obj077__l1__to__l1,full_image_white_patch,test,obj077,l1,l1,0.33725490196078434,0.1450980392156863,0.24705882352941178,0.33725490196078434,0.1450980392156863,0.24705882352941178,0.0,0.0
real_world_dataset_2__obj097__l1__to__l1,full_image_white_patch,test,obj097,l1,l1,0.1607843137254902,0.24705882352941178,0.38823529411764707,0.1607843137254902,0.24705882352941178,0.38823529411764707,0.0,0.0
real_world_dataset_2__obj102__l1__to__l1,full_image_white_patch,test,obj102,l1,l1,0.0,0.35294117647058826,0.5529411764705883,0.0,0.35294117647058826,0.5529411764705883,0.0,0.0
real_world_dataset_2__obj110__l1__to__l1,full_image_white_patch,test,obj110,l1,l1,0.16470588235294117,0.13333333333333333,0.12549019607843137,0.16470588235294117,0.13333333333333333,0.12549019607843137,0.0,0.0
real_world_dataset_2__obj113__l1__to__l1,full_image_white_patch,test,obj113,l1,l1,0.26666666666666666,0.1411764705882353,0.12941176470588237,0.26666666666666666,0.1411764705882353,0.12941176470588237,0.0,0.0
real_world_dataset_2__obj136__l1__to__l1,full_image_white_patch,test,obj136,l1,l1,0.4745098039215686,0.396078431372549,0.23529411764705882,0.4745098039215686,0.396078431372549,0.23529411764705882,0.0,0.0
real_world_dataset_2__obj139__l1__to__l1,full_image_white_patch,test,obj139,l1,l1,0.6470588235294118,0.5294117647058824,0.3411764705882353,0.6470588235294118,0.5294117647058824,0.3411764705882353,0.0,0.0
real_world_dataset_2__obj140__l1__to__l1,full_image_white_patch,test,obj140,l1,l1,0.792156862745098,0.4627450980392157,0.3333333333333333,0.792156862745098,0.4627450980392157,0.3333333333333333,0.0,0.0
real_world_dataset_2__obj141__l1__to__l1,full_image_white_patch,test,obj141,l1,l1,0.47058823529411764,0.596078431372549,0.40784313725490196,0.47058823529411764,0.596078431372549,0.40784313725490196,0.0,0.0
real_world_dataset_2__obj163__l1__to__l1,full_image_white_patch,test,obj163,l1,l1,0.1450980392156863,0.14901960784313725,0.1607843137254902,0.1450980392156863,0.14901960784313725,0.1607843137254902,0.0,0.0
real_world_dataset_2__obj175__l1__to__l1,full_image_white_patch,test,obj175,l1,l1,0.5254901960784314,0.5450980392156862,0.5215686274509804,0.5254901960784314,0.5450980392156862,0.5215686274509804,0.0,0.0
real_world_dataset_2__obj181__l1__to__l1,full_image_white_patch,test,obj181,l1,l1,0.12156862745098039,0.1568627450980392,0.2,0.12156862745098039,0.1568627450980392,0.2,0.0,0.0
real_world_dataset_2__obj182__l1__to__l1,full_image_white_patch,test,obj182,l1,l1,0.1803921568627451,0.12549019607843137,0.1803921568627451,0.1803921568627451,0.12549019607843137,0.1803921568627451,0.0,0.0
real_world_dataset_2__obj193__l1__to__l1,full_image_white_patch,test,obj193,l1,l1,0.38823529411764707,0.5333333333333333,0.592156862745098,0.38823529411764707,0.5333333333333333,0.592156862745098,0.0,0.0
real_world_dataset_2__obj194__l1__to__l1,full_image_white_patch,test,obj194,l1,l1,0.6627450980392157,0.4392156862745098,0.5372549019607843,0.6627450980392157,0.4392156862745098,0.5372549019607843,0.0,0.0
real_world_dataset_2__obj195__l1__to__l1,full_image_white_patch,test,obj195,l1,l1,0.03137254901960784,0.42745098039215684,0.5019607843137255,0.03137254901960784,0.42745098039215684,0.5019607843137255,0.0,0.0
real_world_dataset_2__obj198__l1__to__l1,full_image_white_patch,test,obj198,l1,l1,0.11764705882352941,0.18823529411764706,0.27058823529411763,0.11764705882352941,0.18823529411764706,0.27058823529411763,0.0,0.0
real_world_dataset_2__obj199__l1__to__l1,full_image_white_patch,test,obj199,l1,l1,0.11372549019607843,0.1803921568627451,0.2549019607843137,0.11372549019607843,0.1803921568627451,0.2549019607843137,0.0,0.0
real_world_dataset_2__obj205__l1__to__l1,full_image_white_patch,test,obj205,l1,l1,0.00392156862745098,0.34901960784313724,0.592156862745098,0.00392156862745098,0.34901960784313724,0.592156862745098,0.0,0.0
real_world_dataset_2__obj006__l1__to__l2,full_image_white_patch,test,obj006,l1,l2,0.2507242684150472,0.2851091223472505,0.21237223999137944,0.27450980392156865,0.25098039215686274,0.13725490196078433,10.462497719767573,8.90180692945514
real_world_dataset_2__obj014__l1__to__l2,full_image_white_patch,test,obj014,l1,l2,0.7255808373829395,0.28854417201408483,0.25392333042447546,0.788235294117647,0.2980392156862745,0.21568627450980393,10.9494885662843,5.123077114362406
real_world_dataset_2__obj019__l1__to__l2,full_image_white_patch,test,obj019,l1,l2,0.14435639696623928,0.11335663900553333,0.1385036347769866,0.16470588235294117,0.10196078431372549,0.10980392156862745,5.6581841589851765,5.037731939141573
real_world_dataset_2__obj022__l1__to__l2,full_image_white_patch,test,obj022,l1,l2,0.22793115310458834,0.1339669370065394,0.15697078608058482,0.25098039215686274,0.11764705882352941,0.11372549019607843,8.22949347879188,5.6502159479658305
real_world_dataset_2__obj030__l1__to__l2,full_image_white_patch,test,obj030,l1,l2,0.4672588638644061,0.4499915063552989,0.40627732867916067,0.5215686274509804,0.4627450980392157,0.3333333333333333,13.707483796870843,8.701558137455839
real_world_dataset_2__obj034__l1__to__l2,full_image_white_patch,test,obj034,l1,l2,0.736977395038169,0.5118224003583172,0.43397805563455805,0.807843137254902,0.5529411764705883,0.4117647058823529,10.56071557816353,6.495645342895386
real_world_dataset_2__obj035__l1__to__l2,full_image_white_patch,test,obj035,l1,l2,0.7255808373829395,0.4156410096869555,0.40166054085326114,0.796078431372549,0.44313725490196076,0.4,7.837691946995343,4.928333209922927
real_world_dataset_2__obj036__l1__to__l2,full_image_white_patch,test,obj036,l1,l2,0.12156328165578045,0.12366178800603635,0.16158757390648437,0.1568627450980392,0.12156862745098039,0.12549019607843137,7.827812601298486,7.137748304835349
real_world_dataset_2__obj041__l1__to__l2,full_image_white_patch,test,obj041,l1,l2,0.3305001720016531,0.13053188733970503,0.18467151303598212,0.35294117647058826,0.11372549019607843,0.12941176470588237,10.187053248750903,6.257465571924637
real_world_dataset_2__obj044__l1__to__l2,full_image_white_patch,test,obj044,l1,l2,0.5280405046922962,0.17862258267538583,0.23545617912087724,0.5647058823529412,0.1607843137254902,0.17647058823529413,11.718416017350235,5.92165882553556
real_world_dataset_2__obj047__l1__to__l2,full_image_white_patch,test,obj047,l1,l2,0.6837934593137651,0.2679338740130788,0.33240872346476785,0.7411764705882353,0.2627450980392157,0.2784313725490196,12.4993675083661,6.146510442859207
real_world_dataset_2__obj049__l1__to__l2,full_image_white_patch,test,obj049,l1,l2,0.6420060812445905,0.4190760593537899,0.4247444799827589,0.7019607843137254,0.43529411764705883,0.3843137254901961,10.672351980677355,6.825036829082527
real_world_dataset_2__obj058__l1__to__l2,full_image_white_patch,test,obj058,l1,l2,0.20893689034587265,0.13053188733970503,0.22160581564317855,0.23921568627450981,0.11372549019607843,0.16470588235294117,9.98317797979475,6.884282555094066
real_world_dataset_2__obj064__l1__to__l2,full_image_white_patch,test,obj064,l1,l2,0.49385083172660804,0.30228437068142217,0.41551090433095983,0.5450980392156862,0.2901960784313726,0.33725490196078434,13.836336565779554,8.474336814263225
real_world_dataset_2__obj077__l1__to__l2,full_image_white_patch,test,obj077,l1,l2,0.32670131944991,0.1270968376728707,0.2908576330316719,0.3607843137254902,0.11372549019607843,0.2235294117647059,12.310994553767664,7.116002890518825
real_world_dataset_2__obj097__l1__to__l2,full_image_white_patch,test,obj097,l1,l2,0.1557529546214687,0.21640812901056364,0.4570619947640558,0.21176470588235294,0.2,0.34901960784313724,15.301451786355123,7.810497952173914
real_world_dataset_2__obj102__l1__to__l2,full_image_white_patch,test,obj102,l1,l2,0.0,0.3091544700150909,0.6509670834518371,0.011764705882352941,0.3215686274509804,0.5686274509803921,16.09734855744063,3.606511068877374
real_world_dataset_2__obj110__l1__to__l2,full_image_white_patch,test,obj110,l1,l2,0.15955180717321182,0.11679168867236767,0.1477372104287857,0.18823529411764706,0.10980392156862745,0.12156862745098039,6.3067734796139625,5.295642348833628
real_world_dataset_2__obj113__l1__to__l2,full_image_white_patch,test,obj113,l1,l2,0.2583219735185335,0.12366178800603635,0.15235399825468526,0.27450980392156865,0.10980392156862745,0.11372549019607843,7.103821368342851,4.574201388007554
real_world_dataset_2__obj136__l1__to__l2,full_image_white_patch,test,obj136,l1,l2,0.4596611587609198,0.34694001635026867,0.2770072695539732,0.5019607843137255,0.3215686274509804,0.20784313725490197,12.011316426343214,6.057638548471143
real_world_dataset_2__obj139__l1__to__l2,full_image_white_patch,test,obj139,l1,l2,0.626810671037618,0.46373170502263633,0.40166054085326114,0.6823529411764706,0.4745098039215686,0.3215686274509804,14.763786764707488,8.120197868686079
real_world_dataset_2__obj140__l1__to__l2,full_image_white_patch,test,obj140,l1,l2,0.7673682154521141,0.4053358606864525,0.39242696520146203,0.8235294117647058,0.41568627450980394,0.3411764705882353,11.610802897291256,6.148878510068072
real_world_dataset_2__obj141__l1__to__l2,full_image_white_patch,test,obj141,l1,l2,0.45586230620917667,0.5221275493588201,0.48014593389355353,0.5294117647058824,0.5529411764705883,0.41568627450980394,14.673632606835469,10.104846392923859
real_world_dataset_2__obj163__l1__to__l2,full_image_white_patch,test,obj163,l1,l2,0.14055754441449617,0.13053188733970503,0.1892883008618817,0.17647058823529413,0.13725490196078433,0.1607843137254902,7.402211664693186,6.016023779653473
real_world_dataset_2__obj175__l1__to__l2,full_image_white_patch,test,obj175,l1,l2,0.5090462419335806,0.47747190368997366,0.6140327808446406,0.592156862745098,0.4980392156862745,0.5294117647058824,16.89172974924772,11.745812159835491
real_world_dataset_2__obj181__l1__to__l2,full_image_white_patch,test,obj181,l1,l2,0.11776442910403731,0.13740198667337372,0.23545617912087724,0.1607843137254902,0.1450980392156863,0.20784313725490197,7.202138841894006,5.1872420431663055
real_world_dataset_2__obj182__l1__to__l2,full_image_white_patch,test,obj182,l1,l2,0.1747472173801844,0.10992158933869897,0.21237223999137944,0.21568627450980393,0.11764705882352941,0.1843137254901961,8.08449134672859,5.504525105358882
real_world_dataset_2__obj193__l1__to__l2,full_image_white_patch,test,obj193,l1,l2,0.37608640262257076,0.46716675468947066,0.6971349617108326,0.47843137254901963,0.4980392156862745,0.611764705882353,18.138372538956787,9.633804293660901
real_world_dataset_2__obj194__l1__to__l2,full_image_white_patch,test,obj194,l1,l2,0.6420060812445905,0.38472556268544644,0.6324999321482387,0.7254901960784313,0.4117647058823529,0.592156862745098,12.726685443964646,7.377305728185682
real_world_dataset_2__obj195__l1__to__l2,full_image_white_patch,test,obj195,l1,l2,0.030390820413945113,0.3744204136849434,0.5909488417151428,0.11764705882352941,0.42745098039215684,0.5529411764705883,16.499451429818553,8.184379043284682
real_world_dataset_2__obj198__l1__to__l2,full_image_white_patch,test,obj198,l1,l2,0.11396557655229417,0.16488238400804847,0.31855835998706916,0.16470588235294117,0.1843137254901961,0.2823529411764706,10.215238248476393,5.228735201966734
real_world_dataset_2__obj199__l1__to__l2,full_image_white_patch,test,obj199,l1,l2,0.11016672400055103,0.15801228467437978,0.30009120868347094,0.16470588235294117,0.16470588235294117,0.2627450980392157,8.403650053728445,5.328050567348329
real_world_dataset_2__obj205__l1__to__l2,full_image_white_patch,test,obj205,l1,l2,0.003798852551743139,0.3057194203482565,0.6971349617108326,0.07450980392156863,0.30196078431372547,0.5529411764705883,22.57498278208358,4.748602207561935
real_world_dataset_2__obj006__l1__to__l3,full_image_white_patch,test,obj006,l1,l3,0.24936413166869129,0.32186516372416474,0.1919809095784326,0.2627450980392157,0.3254901960784314,0.1568627450980392,5.8944968189619775,3.1983577880589626
real_world_dataset_2__obj014__l1__to__l3,full_image_white_patch,test,obj014,l1,l3,0.7216446840715157,0.32574305726301006,0.2295423918872564,0.7372549019607844,0.34901960784313724,0.2235294117647059,3.868219841079616,2.793225528379387
real_world_dataset_2__obj019__l1__to__l3,full_image_white_patch,test,obj019,l1,l3,0.14357328793045862,0.12797048678189682,0.12520494102941257,0.1803921568627451,0.1411764705882353,0.12941176470588237,4.225822893902789,3.940363128591357
real_world_dataset_2__obj022__l1__to__l3,full_image_white_patch,test,obj022,l1,l3,0.2266946651533557,0.15123784801496898,0.14189893316666757,0.2784313725490196,0.16470588235294117,0.12941176470588237,7.806105604649429,5.3204099905523154
real_world_dataset_2__obj030__l1__to__l3,full_image_white_patch,test,obj030,l1,l3,0.4647240635643792,0.5080040535887418,0.36726782701961025,0.4627450980392157,0.49019607843137253,0.3411764705882353,2.6507667047395977,2.2459431201585485
real_world_dataset_2__obj034__l1__to__l3,full_image_white_patch,test,obj034,l1,l3,0.7329794173291834,0.5778061372879584,0.39230881522549277,0.7607843137254902,0.5882352941176471,0.4196078431372549,3.154603310804539,2.4995931096186683
real_world_dataset_2__obj035__l1__to__l3,full_image_white_patch,test,obj035,l1,l3,0.7216446840715157,0.4692251182002883,0.3630943289852965,0.7490196078431373,0.49019607843137253,0.4,3.2436470040699152,2.638925777831179
real_world_dataset_2__obj036__l1__to__l3,full_image_white_patch,test,obj036,l1,l3,0.12090382141512304,0.13960416739843287,0.14607243120098135,0.1411764705882353,0.1568627450980392,0.13333333333333333,5.7391654200727675,5.33467143907597
real_world_dataset_2__obj041__l1__to__l3,full_image_white_patch,test,obj041,l1,l3,0.32870726447236576,0.1473599544761236,0.1669399213725501,0.4,0.16470588235294117,0.16862745098039217,8.771720148295614,5.02300668738705
real_world_dataset_2__obj044__l1__to__l3,full_image_white_patch,test,obj044,l1,l3,0.5251759742719406,0.20165046401995862,0.2128483997500014,0.5882352941176471,0.23137254901960785,0.21176470588235294,7.77213350560321,4.80565155345082
real_world_dataset_2__obj047__l1__to__l3,full_image_white_patch,test,obj047,l1,l3,0.6800839954600671,0.30247569602993796,0.3004918584705902,0.7137254901960784,0.3176470588235294,0.2980392156862745,4.144261137877289,2.6822470473019075
real_world_dataset_2__obj049__l1__to__l3,full_image_white_patch,test,obj049,l1,l3,0.6385233068486186,0.47310301173913366,0.3839618191568652,0.6509803921568628,0.4745098039215686,0.39215686274509803,1.5314455163413037,1.3576516775397978
real_world_dataset_2__obj058__l1__to__l3,full_image_white_patch,test,obj058,l1,l3,0.20780344305724274,0.1473599544761236,0.20032790564706013,0.25098039215686274,0.1607843137254902,0.2,5.1841857348402645,4.011436831632139
real_world_dataset_2__obj064__l1__to__l3,full_image_white_patch,test,obj064,l1,l3,0.49117177449893734,0.34125463141839146,0.37561482308823774,0.5176470588235295,0.3568627450980392,0.37254901960784315,3.6750731152393894,2.7581016433439864
real_world_dataset_2__obj077__l1__to__l3,full_image_white_patch,test,obj077,l1,l3,0.3249290200531432,0.14348206093727825,0.2629303761617664,0.3843137254901961,0.1607843137254902,0.2823529411764706,5.822124284080601,3.6077524579116456
real_world_dataset_2__obj097__l1__to__l3,full_image_white_patch,test,obj097,l1,l3,0.1549080211881264,0.24430729294725756,0.4131763053970615,0.17254901960784313,0.2823529411764706,0.43137254901960786,5.851640191893294,3.5881243647488517
real_world_dataset_2__obj102__l1__to__l3,full_image_white_patch,test,obj102,l1,l3,0.0,0.3490104184960822,0.5884632228382392,0.0,0.38823529411764707,0.596078431372549,7.581139380629487,4.077590718921071
real_world_dataset_2__obj110__l1__to__l3,full_image_white_patch,test,obj110,l1,l3,0.158686265607349,0.13184838032074217,0.13355193709804009,0.19215686274509805,0.1450980392156863,0.13725490196078433,3.8894563277861787,3.3787270842487165
real_world_dataset_2__obj113__l1__to__l3,full_image_white_patch,test,obj113,l1,l3,0.2569206205071365,0.13960416739843287,0.13772543513235386,0.30980392156862746,0.1568627450980392,0.12941176470588237,7.697936820293968,4.883441842279283
real_world_dataset_2__obj136__l1__to__l3,full_image_white_patch,test,obj136,l1,l3,0.457167574725934,0.3916672474233811,0.25040988205882514,0.4823529411764706,0.39215686274509803,0.23529411764705882,4.045273396697334,2.647731480181526
real_world_dataset_2__obj139__l1__to__l3,full_image_white_patch,test,obj139,l1,l3,0.6234103291717282,0.5235156277441233,0.3630943289852965,0.615686274509804,0.5019607843137255,0.34509803921568627,2.4706348492318257,2.2306299687988846
real_world_dataset_2__obj140__l1__to__l3,full_image_white_patch,test,obj140,l1,l3,0.7632053726829642,0.45759143758375226,0.35474733291666893,0.7607843137254902,0.4549019607843137,0.3568627450980392,0.6753760848621293,0.4642542481872128
real_world_dataset_2__obj141__l1__to__l3,full_image_white_patch,test,obj141,l1,l3,0.4533893303067114,0.5894398179044944,0.43404379556863026,0.44313725490196076,0.5490196078431373,0.403921568627451,4.612100229400536,3.6193615213589854
real_world_dataset_2__obj163__l1__to__l3,full_image_white_patch,test,obj163,l1,l3,0.13979504351123603,0.1473599544761236,0.17111341940686386,0.1450980392156863,0.1607843137254902,0.16470588235294117,3.969170518487012,4.2463083842862215
real_world_dataset_2__obj175__l1__to__l3,full_image_white_patch,test,obj175,l1,l3,0.5062847521758278,0.5390272018995047,0.5550752385637291,0.4980392156862745,0.5019607843137255,0.48627450980392156,6.318905426391999,6.03629331555705
real_world_dataset_2__obj181__l1__to__l3,full_image_white_patch,test,obj181,l1,l3,0.11712557699590044,0.1551157415538143,0.2128483997500014,0.12156862745098039,0.17254901960784313,0.22745098039215686,2.3374934336268396,2.2713814689149245
real_world_dataset_2__obj182__l1__to__l3,full_image_white_patch,test,obj182,l1,l3,0.17379924328423937,0.12409259324305145,0.1919809095784326,0.21568627450980393,0.13725490196078433,0.2,4.381944391523473,3.5075044188164104
real_world_dataset_2__obj193__l1__to__l3,full_image_white_patch,test,obj193,l1,l3,0.3740461975030369,0.5273935212829687,0.6301982031813766,0.38823529411764707,0.4980392156862745,0.5607843137254902,6.878637899073305,4.483550479972058
real_world_dataset_2__obj194__l1__to__l3,full_image_white_patch,test,obj194,l1,l3,0.6385233068486186,0.4343240763506801,0.5717692307009841,0.6313725490196078,0.4196078431372549,0.5294117647058824,4.420034174241894,2.83050483438505
real_world_dataset_2__obj195__l1__to__l3,full_image_white_patch,test,obj195,l1,l3,0.03022595535378076,0.42269039573414396,0.5342077483921603,0.00392156862745098,0.41568627450980394,0.48627450980392156,6.906143917581541,4.422536128591979
real_world_dataset_2__obj198__l1__to__l3,full_image_white_patch,test,obj198,l1,l3,0.11334733257667785,0.1861388898645772,0.2879713643676489,0.09803921568627451,0.20392156862745098,0.30196078431372547,3.1293933001540415,3.2296029081149253
real_world_dataset_2__obj199__l1__to__l3,full_image_white_patch,test,obj199,l1,l3,0.10956908815745525,0.17838310278688646,0.2712773722303939,0.10980392156862745,0.19607843137254902,0.2823529411764706,2.7747181850887896,2.641617165213483
real_world_dataset_2__obj205__l1__to__l3,full_image_white_patch,test,obj205,l1,l3,0.003778244419222595,0.34513252495723684,0.6301982031813766,0.0,0.38823529411764707,0.6078431372549019,12.92534341380074,4.998553813413202
real_world_dataset_2__obj006__l1__to__l4,full_image_white_patch,test,obj006,l1,l4,0.2623654603468681,0.3219766709890807,0.17923843317658078,0.2980392156862745,0.3254901960784314,0.1568627450980392,5.556014007560229,3.8786376152616326
real_world_dataset_2__obj014__l1__to__l4,full_image_white_patch,test,obj014,l1,l4,0.7592697413068454,0.32585590798894914,0.2143068222763466,0.7529411764705882,0.33725490196078434,0.18823529411764706,4.387428104571902,2.7200253280728495
real_world_dataset_2__obj019__l1__to__l4,full_image_white_patch,test,obj019,l1,l4,0.15105890141183312,0.1280148209956586,0.11689463033255268,0.2196078431372549,0.16862745098039217,0.1450980392156863,7.085561229628871,5.468197098469209
real_world_dataset_2__obj022__l1__to__l4,full_image_white_patch,test,obj022,l1,l4,0.23851405486078914,0.15129024299486926,0.1324805810435597,0.3058823529411765,0.18823529411764706,0.1411764705882353,8.18954598518486,5.488231711117031
real_world_dataset_2__obj030__l1__to__l4,full_image_white_patch,test,obj030,l1,l4,0.4889538124646177,0.5081800469827659,0.3428909156421545,0.48627450980392156,0.4745098039215686,0.2823529411764706,6.236381689443989,4.575886884809229
real_world_dataset_2__obj034__l1__to__l4,full_image_white_patch,test,obj034,l1,l4,0.7711954440498848,0.578006312980398,0.36626984170866506,0.7686274509803922,0.5647058823529412,0.3411764705882353,2.560124199367588,1.2121365616862365
real_world_dataset_2__obj035__l1__to__l4,full_image_white_patch,test,obj035,l1,l4,0.7592697413068454,0.46938767698408146,0.33899442796440277,0.7568627450980392,0.4666666666666667,0.3215686274509804,2.0914642873873883,1.2140784931002
real_world_dataset_2__obj036__l1__to__l4,full_image_white_patch,test,obj036,l1,l4,0.1272074959257542,0.13965253199526392,0.13637706872131147,0.1843137254901961,0.18823529411764706,0.16470588235294117,6.943348406437747,5.15919630270447
real_world_dataset_2__obj041__l1__to__l4,full_image_white_patch,test,obj041,l1,l4,0.34584537954814426,0.1474110059950008,0.15585950711007024,0.43137254901960786,0.1843137254901961,0.17254901960784313,9.203653401833245,5.633178840010489
real_world_dataset_2__obj044__l1__to__l4,full_image_white_patch,test,obj044,l1,l4,0.5525575604274948,0.20172032399315898,0.19872087156533957,0.6078431372549019,0.23529411764705882,0.1843137254901961,8.689425658923332,5.377830030760773
real_world_dataset_2__obj047__l1__to__l4,full_image_white_patch,test,obj047,l1,l4,0.7155421645823674,0.3025804859897385,0.28054711279812644,0.7294117647058823,0.3176470588235294,0.24705882352941178,6.748770986443964,4.094383430181682
real_world_dataset_2__obj049__l1__to__l4,full_image_white_patch,test,obj049,l1,l4,0.6718145878578894,0.47326691398395,0.35847686635316156,0.6745098039215687,0.47058823529411764,0.3215686274509804,4.997443195633288,2.8214243732182775
real_world_dataset_2__obj058__l1__to__l4,full_image_white_patch,test,obj058,l1,l4,0.21863788362239006,0.1474110059950008,0.18703140853208428,0.2980392156862745,0.18823529411764706,0.20784313725490197,8.469292678211206,6.180337826819445
real_world_dataset_2__obj064__l1__to__l4,full_image_white_patch,test,obj064,l1,l4,0.5167804521983764,0.34137285598842293,0.35068389099765807,0.5411764705882353,0.35294117647058826,0.3176470588235294,7.226024743778014,5.2124338621053035
real_world_dataset_2__obj077__l1__to__l4,full_image_white_patch,test,obj077,l1,l4,0.34187014530046445,0.14353176899513237,0.24547872369836063,0.4392156862745098,0.18823529411764706,0.2823529411764706,9.20476261592783,6.095123070988449
real_world_dataset_2__obj097__l1__to__l4,full_image_white_patch,test,obj097,l1,l4,0.1629846041548726,0.24439193099171186,0.38575228009742385,0.22745098039215686,0.29411764705882354,0.4196078431372549,6.397399318062162,4.4397505569806315
real_world_dataset_2__obj102__l1__to__l4,full_image_white_patch,test,obj102,l1,l4,0.0,0.3491313299881598,0.5494047625629976,0.0,0.3686274509803922,0.5294117647058824,7.45576937520794,3.462780866251804
real_world_dataset_2__obj110__l1__to__l4,full_image_white_patch,test,obj110,l1,l4,0.1669598384025524,0.13189405799552703,0.12468760568805619,0.23921568627450981,0.1803921568627451,0.16862745098039217,7.1616135278631265,5.258862813178619
real_world_dataset_2__obj113__l1__to__l4,full_image_white_patch,test,obj113,l1,l4,0.27031592884222766,0.13965253199526392,0.12858409336580795,0.3568627450980392,0.19215686274509805,0.1607843137254902,8.844332675102576,5.899878944770774
real_world_dataset_2__obj136__l1__to__l4,full_image_white_patch,test,obj136,l1,l4,0.4810033439692581,0.39180293698671265,0.23378926066510536,0.5137254901960784,0.403921568627451,0.23529411764705882,3.460671872073062,2.4715886652696315
real_world_dataset_2__obj139__l1__to__l4,full_image_white_patch,test,obj139,l1,l4,0.6559136508671701,0.5236969949822396,0.33899442796440277,0.6549019607843137,0.5058823529411764,0.30196078431372547,3.9841277662826955,2.0231083365982747
real_world_dataset_2__obj140__l1__to__l4,full_image_white_patch,test,obj140,l1,l4,0.8029973180313233,0.4577499659844762,0.3312014526088992,0.8,0.4627450980392157,0.30980392156862746,3.3858296240232244,2.173780246243956
real_world_dataset_2__obj141__l1__to__l4,full_image_white_patch,test,obj141,l1,l4,0.4770281097215783,0.5896440239800032,0.4052347184861826,0.4823529411764706,0.5490196078431373,0.3568627450980392,5.818708254431901,4.393911928863091
real_world_dataset_2__obj163__l1__to__l4,full_image_white_patch,test,obj163,l1,l4,0.1470836671641533,0.1474110059950008,0.15975599478782201,0.20784313725490197,0.20392156862745098,0.21176470588235294,6.874078568555374,4.731823281566161
real_world_dataset_2__obj175__l1__to__l4,full_image_white_patch,test,obj175,l1,l4,0.5326813891890958,0.5392139429817134,0.5182328611409835,0.5372549019607843,0.5137254901960784,0.47058823529411764,4.950658620750542,4.813364900731369
real_world_dataset_2__obj181__l1__to__l4,full_image_white_patch,test,obj181,l1,l4,0.12323226167807438,0.15516947999473768,0.19872087156533957,0.17647058823529413,0.20784313725490197,0.27058823529411763,7.113006522123925,5.090664821546462
real_world_dataset_2__obj182__l1__to__l4,full_image_white_patch,test,obj182,l1,l4,0.18286077539327167,0.12413558399579015,0.17923843317658078,0.25882352941176473,0.17254901960784313,0.24313725490196078,7.664474946910352,5.371943127611069
real_world_dataset_2__obj193__l1__to__l4,full_image_white_patch,test,obj193,l1,l4,0.3935481905203021,0.5275762319821081,0.5883696393405151,0.4117647058823529,0.5058823529411764,0.5450980392156862,4.620804744876429,3.309005105807777
real_world_dataset_2__obj194__l1__to__l4,full_image_white_patch,test,obj194,l1,l4,0.6718145878578894,0.4344745439852655,0.5338188118519905,0.6627450980392157,0.43137254901960786,0.5019607843137255,4.129471522823278,2.4856009670713144
real_world_dataset_2__obj195__l1__to__l4,full_image_white_patch,test,obj195,l1,l4,0.03180187398143855,0.42283683298566016,0.49875042275222475,0.050980392156862744,0.41568627450980394,0.47058823529411764,3.422452732051222,2.2790437334605156
real_world_dataset_2__obj198__l1__to__l4,full_image_white_patch,test,obj198,l1,l4,0.11925702743039457,0.18620337599368522,0.26885764976487114,0.16470588235294117,0.24705882352941178,0.3411764705882353,7.056884305026628,5.041602762754321
real_world_dataset_2__obj199__l1__to__l4,full_image_white_patch,test,obj199,l1,l4,0.11528179318271475,0.17844490199394833,0.2532716990538641,0.16862745098039217,0.23529411764705882,0.3254901960784314,6.974245383138064,4.861020106623369
real_world_dataset_2__obj205__l1__to__l4,full_image_white_patch,test,obj205,l1,l4,0.003975234247679819,0.34525209298829135,0.5883696393405151,0.0,0.41568627450980394,0.6549019607843137,7.969675738402355,6.51515791159993
real_world_dataset_2__obj006__l2__to__l0,full_image_white_patch,test,obj006,l2,l0,0.26337916251533555,0.2825328888807745,0.1294773331181182,0.2,0.3176470588235294,0.1843137254901961,11.926505408699764,8.853589041916814
real_world_dataset_2__obj014__l2__to__l0,full_image_white_patch,test,obj014,l2,l0,0.7562744523654634,0.3355078055459197,0.20346438061418576,0.6745098039215687,0.3058823529411765,0.2627450980392157,15.794944988121028,8.32248019393521
real_world_dataset_2__obj019__l2__to__l0,full_image_white_patch,test,obj019,l2,l0,0.1580274975092013,0.11477898610781463,0.10358186649449456,0.12549019607843137,0.11764705882352941,0.13725490196078433,7.567080733359378,6.96338778421642
real_world_dataset_2__obj022__l2__to__l0,full_image_white_patch,test,obj022,l2,l0,0.24080380572830676,0.13243729166286303,0.10728121886929794,0.20392156862745098,0.13725490196078433,0.13725490196078433,8.038509234324078,5.742963519127338
real_world_dataset_2__obj030__l2__to__l0,full_image_white_patch,test,obj030,l2,l0,0.5004204087791375,0.520920013873928,0.314444951858287,0.3843137254901961,0.4980392156862745,0.38823529411764707,17.21454585444357,11.272593366926975
real_world_dataset_2__obj034__l2__to__l0,full_image_white_patch,test,obj034,l2,l0,0.7750872496879874,0.6224552708154563,0.3884319993543546,0.6980392156862745,0.5725490196078431,0.47058823529411764,18.829526816675497,9.958407822288551
real_world_dataset_2__obj035__l2__to__l0,full_image_white_patch,test,obj035,l2,l0,0.763799571294473,0.49884713193011737,0.3773339422299445,0.6901960784313725,0.47058823529411764,0.4588235294117647,17.42453335187351,11.04596673618548
real_world_dataset_2__obj036__l2__to__l0,full_image_white_patch,test,obj036,l2,l0,0.15050237858019172,0.13685186805162514,0.11837927599370807,0.10980392156862745,0.1411764705882353,0.15294117647058825,7.676815546913143,7.762676379150268
real_world_dataset_2__obj041__l2__to__l0,full_image_white_patch,test,obj041,l2,l0,0.3386303518054314,0.12802271527410092,0.12207862836851147,0.3058823529411765,0.12549019607843137,0.17647058823529413,11.817719963074138,7.759522783135367
real_world_dataset_2__obj044__l2__to__l0,full_image_white_patch,test,obj044,l2,l0,0.5418085628886902,0.18099763193924615,0.16647085686615198,0.49019607843137253,0.17254901960784313,0.2235294117647059,13.565546068833969,7.694387261900075
real_world_dataset_2__obj047__l2__to__l0,full_image_white_patch,test,obj047,l2,l0,0.7111237387914059,0.2957766180470608,0.26265401861103976,0.6313725490196078,0.2627450980392157,0.33725490196078434,18.793643428306297,11.07342044871784
real_world_dataset_2__obj049__l2__to__l0,full_image_white_patch,test,obj049,l2,l0,0.6734981441463579,0.4900179791525932,0.362536532730731,0.5882352941176471,0.4549019607843137,0.4470588235294118,19.106138417176773,12.959075969051858
real_world_dataset_2__obj058__l2__to__l0,full_image_white_patch,test,obj058,l2,l0,0.2295161273347924,0.12802271527410092,0.15537279974174184,0.19607843137254902,0.13725490196078433,0.2235294117647059,12.21222063315195,8.568412458091812
real_world_dataset_2__obj064__l2__to__l0,full_image_white_patch,test,obj064,l2,l0,0.5229957655661662,0.3266786527683955,0.3181443042330905,0.4470588235294118,0.3333333333333333,0.42745098039215684,19.5715738274029,12.931579522777502
real_world_dataset_2__obj077__l2__to__l0,full_image_white_patch,test,obj077,l2,l0,0.346155470734441,0.12802271527410092,0.2108630853637925,0.30980392156862746,0.12156862745098039,0.2980392156862745,16.942667529410254,9.625140600189056
real_world_dataset_2__obj097__l2__to__l0,full_image_white_patch,test,obj097,l2,l0,0.20317821108325884,0.22514339582686715,0.32924236135750057,0.11372549019607843,0.25098039215686274,0.47058823529411764,19.37251766962992,9.822659358784838
real_world_dataset_2__obj102__l2__to__l0,full_image_white_patch,test,obj102,l2,l0,0.01128767839351438,0.3619952638784923,0.5364060943464897,0.00392156862745098,0.3843137254901961,0.6588235294117647,16.288993515384288,5.120589951805547
real_world_dataset_2__obj110__l2__to__l0,full_image_white_patch,test,obj110,l2,l0,0.18060285429623008,0.12360813888533882,0.1146799236189047,0.1568627450980392,0.13333333333333333,0.14901960784313725,6.617033723566854,5.910974808159118
real_world_dataset_2__obj113__l2__to__l0,full_image_white_patch,test,obj113,l2,l0,0.26337916251533555,0.12360813888533882,0.10728121886929794,0.24313725490196078,0.1411764705882353,0.14901960784313725,7.8119501033672245,5.098577623572383
real_world_dataset_2__obj136__l2__to__l0,full_image_white_patch,test,obj136,l2,l0,0.4816076114566135,0.3619952638784923,0.19606567586457901,0.42745098039215684,0.38823529411764707,0.2901960784313726,15.182356566713972,9.122896231971513
real_world_dataset_2__obj139__l2__to__l0,full_image_white_patch,test,obj139,l2,l0,0.6546853468238341,0.5341637430402142,0.30334689473387694,0.592156862745098,0.5254901960784314,0.40784313725490196,17.461578390300087,7.982723528355819
real_world_dataset_2__obj140__l2__to__l0,full_image_white_patch,test,obj140,l2,l0,0.7901374875460065,0.46794509720878275,0.3218436566078938,0.7411764705882353,0.4470588235294118,0.4196078431372549,17.67297529891617,10.555687953900305
real_world_dataset_2__obj141__l2__to__l0,full_image_white_patch,test,obj141,l2,l0,0.507945527708147,0.6224552708154563,0.39213135172915803,0.38823529411764707,0.6,0.49411764705882355,19.336937814613904,11.334867920037746
real_world_dataset_2__obj163__l2__to__l0,full_image_white_patch,test,obj163,l2,l0,0.1693151759027157,0.15451017360667355,0.15167344736693847,0.12549019607843137,0.15294117647058825,0.1843137254901961,7.778413001701739,7.468518712438939
real_world_dataset_2__obj175__l2__to__l0,full_image_white_patch,test,obj175,l2,l0,0.5681464791402238,0.5606512013727868,0.49941257059845595,0.43529411764705883,0.5058823529411764,0.5647058823529412,19.804161515327806,17.30182392391793
real_world_dataset_2__obj181__l2__to__l0,full_image_white_patch,test,obj181,l2,l0,0.15426493804469654,0.16333932638419776,0.19606567586457901,0.11372549019607843,0.16470588235294117,0.23921568627450981,8.09830269874153,5.799272387165356
real_world_dataset_2__obj182__l2__to__l0,full_image_white_patch,test,obj182,l2,l0,0.20694077054776364,0.13243729166286303,0.17386956161575873,0.17647058823529413,0.13725490196078433,0.21568627450980393,8.041166628511178,6.041250767084012
real_world_dataset_2__obj193__l2__to__l0,full_image_white_patch,test,obj193,l2,l0,0.4590322546695848,0.5606512013727868,0.5770989704693269,0.2823529411764706,0.47843137254901963,0.6078431372549019,19.631158623208975,13.828005267457083
real_world_dataset_2__obj194__l2__to__l0,full_image_white_patch,test,obj194,l2,l0,0.6960735009333867,0.4635305208200206,0.55860220859531,0.5725490196078431,0.3803921568627451,0.5725490196078431,17.578684724026957,12.08873559785234
real_world_dataset_2__obj195__l2__to__l0,full_image_white_patch,test,obj195,l2,l0,0.11287678393514379,0.481188826375069,0.5216086848472762,0.00392156862745098,0.4196078431372549,0.5450980392156862,15.377890113098202,10.383843458525948
real_world_dataset_2__obj198__l2__to__l0,full_image_white_patch,test,obj198,l2,l0,0.1580274975092013,0.20748509027181877,0.26635337098584316,0.10980392156862745,0.20392156862745098,0.3215686274509804,10.304326275477836,5.9405775670909335
real_world_dataset_2__obj199__l2__to__l0,full_image_white_patch,test,obj199,l2,l0,0.1580274975092013,0.18541220832800825,0.24785660911182628,0.11372549019607843,0.18823529411764706,0.30196078431372547,9.234151809049797,5.485762168494749
real_world_dataset_2__obj205__l2__to__l0,full_image_white_patch,test,obj205,l2,l0,0.07148862982559107,0.33992238193468177,0.5216086848472762,0.00392156862745098,0.33725490196078434,0.6235294117647059,17.270524075944692,3.8603660114736362
real_world_dataset_2__obj006__l2__to__l1,full_image_white_patch,test,obj006,l2,l1,0.28337741997713956,0.286527685899443,0.1165863664935471,0.25882352941176473,0.3254901960784314,0.1803921568627451,9.411251472015008,7.166387176709686
real_world_dataset_2__obj014__l2__to__l1,full_image_white_patch,test,obj014,l2,l1,0.8136980202200721,0.34025162700558853,0.18320714734700258,0.7490196078431373,0.32941176470588235,0.21568627450980393,10.005176351430459,4.328675795064126
real_world_dataset_2__obj019__l2__to__l1,full_image_white_patch,test,obj019,l2,l1,0.17002645198628372,0.11640187239664872,0.09326909319483767,0.14901960784313725,0.12941176470588237,0.11764705882352941,5.488127407755916,5.318066350196704
real_world_dataset_2__obj022__l2__to__l1,full_image_white_patch,test,obj022,l2,l1,0.2590879268362419,0.1343098527653639,0.09660013223751045,0.23529411764705882,0.15294117647058825,0.13333333333333333,7.646910458245801,4.940954283803403
real_world_dataset_2__obj030__l2__to__l1,full_image_white_patch,test,obj030,l2,l1,0.5384170979565651,0.5282854208770981,0.28313831862718575,0.4823529411764706,0.5137254901960784,0.34509803921568627,11.83146474618426,6.3616300197053635
real_world_dataset_2__obj034__l2__to__l1,full_image_white_patch,test,obj034,l2,l1,0.8339392645041536,0.6312563079972104,0.34975909948064127,0.7607843137254902,0.5843137254901961,0.3686274509803922,10.206246763717875,5.100238977593123
real_world_dataset_2__obj035__l2__to__l1,full_image_white_patch,test,obj035,l2,l1,0.8217945179337046,0.505900445416204,0.33976598235262295,0.7490196078431373,0.4745098039215686,0.3411764705882353,7.9239553719413705,4.424835086850175
real_world_dataset_2__obj036__l2__to__l1,full_image_white_patch,test,obj036,l2,l1,0.16192995427265117,0.1387868478575427,0.10659324936552876,0.12549019607843137,0.1411764705882353,0.13725490196078433,7.253286147491172,7.251551247411863
real_world_dataset_2__obj041__l2__to__l1,full_image_white_patch,test,obj041,l2,l1,0.36434239711346517,0.12983285767318511,0.10992428840820155,0.3411764705882353,0.14901960784313725,0.1568627450980392,8.998911568441699,4.9106552186390795
real_world_dataset_2__obj044__l2__to__l1,full_image_white_patch,test,obj044,l2,l1,0.5829478353815442,0.18355679877933068,0.14989675692027485,0.5450980392156862,0.20392156862745098,0.2,10.457211741288232,4.4144235976164365
real_world_dataset_2__obj047__l2__to__l1,full_image_white_patch,test,obj047,l2,l1,0.7651190339382768,0.2999586711759794,0.23650377202976697,0.7058823529411765,0.3058823529411765,0.2823529411764706,11.45232079828795,4.815975433494076
real_world_dataset_2__obj049__l2__to__l1,full_image_white_patch,test,obj049,l2,l1,0.7246365453701139,0.49694645523184644,0.32644182618193185,0.6627450980392157,0.47843137254901963,0.3607843137254902,9.874496615024476,4.797143084314861
real_world_dataset_2__obj058__l2__to__l1,full_image_white_patch,test,obj058,l2,l1,0.24694318026579304,0.12983285767318511,0.1399036397922565,0.21568627450980393,0.14901960784313725,0.18823529411764706,9.230973406844889,6.889676128501865
real_world_dataset_2__obj064__l2__to__l1,full_image_white_patch,test,obj064,l2,l1,0.5627065910974628,0.331297636821231,0.2864693576698586,0.5098039215686274,0.34509803921568627,0.35294117647058826,12.585105430813988,7.339080658498996
real_world_dataset_2__obj077__l2__to__l1,full_image_white_patch,test,obj077,l2,l1,0.3724388948270977,0.12983285767318511,0.18986922543234813,0.33725490196078434,0.1450980392156863,0.24705882352941178,11.178759727849453,6.783801344899553
real_world_dataset_2__obj097__l2__to__l1,full_image_white_patch,test,obj097,l2,l1,0.21860543826807907,0.22832674970111866,0.29646247479787685,0.1607843137254902,0.24705882352941178,0.38823529411764707,13.018359978263138,8.343116342539718
real_world_dataset_2__obj102__l2__to__l1,full_image_white_patch,test,obj102,l2,l1,0.012144746570448837,0.36711359755866135,0.4830006611875522,0.0,0.35294117647058826,0.5529411764705883,14.616205561182332,7.117295629552482
real_world_dataset_2__obj110__l2__to__l1,full_image_white_patch,test,obj110,l2,l1,0.1943159451271814,0.1253558625810063,0.10326221032285599,0.16470588235294117,0.13333333333333333,0.12549019607843137,6.160334291153733,5.411203025238284
real_world_dataset_2__obj113__l2__to__l1,full_image_white_patch,test,obj113,l2,l1,0.28337741997713956,0.1253558625810063,0.09660013223751045,0.26666666666666666,0.1411764705882353,0.12941176470588237,6.408712720145431,3.698280325324018
real_world_dataset_2__obj136__l2__to__l1,full_image_white_patch,test,obj136,l2,l1,0.5181758536724838,0.36711359755866135,0.17654506926165703,0.4745098039215686,0.396078431372549,0.23529411764705882,11.07254922723367,6.672879718018258
real_world_dataset_2__obj139__l2__to__l1,full_image_white_patch,test,obj139,l2,l1,0.7043953010860325,0.5417164061536344,0.2731452014991675,0.6470588235294118,0.5294117647058824,0.3411764705882353,12.611900431941562,5.096842296703627
real_world_dataset_2__obj140__l2__to__l1,full_image_white_patch,test,obj140,l2,l1,0.8501322599314186,0.4745614797709525,0.2898003967125313,0.792156862745098,0.4627450980392157,0.3333333333333333,10.397008465413771,4.373244986235237
real_world_dataset_2__obj141__l2__to__l1,full_image_white_patch,test,obj141,l2,l1,0.5465135956701977,0.6312563079972104,0.35309013852331406,0.47058823529411764,0.596078431372549,0.40784313725490196,13.197349082284385,7.064038424674226
real_world_dataset_2__obj163__l2__to__l1,full_image_white_patch,test,obj163,l2,l1,0.18217119855673258,0.1566948282262579,0.13657260074958374,0.1450980392156863,0.14901960784313725,0.1607843137254902,6.975047371100065,6.5086453882029645
real_world_dataset_2__obj175__l2__to__l1,full_image_white_patch,test,obj175,l2,l1,0.6112855773792581,0.5685783767067072,0.44969027076082446,0.5254901960784314,0.5450980392156862,0.5215686274509804,15.467547841252813,11.441939955243884
real_world_dataset_2__obj181__l2__to__l1,full_image_white_patch,test,obj181,l2,l1,0.16597820312946746,0.1656488184106155,0.17654506926165703,0.12156862745098039,0.1568627450980392,0.2,6.9306606284805365,5.863575619025321
real_world_dataset_2__obj182__l2__to__l1,full_image_white_patch,test,obj182,l2,l1,0.22265368712489536,0.1343098527653639,0.15655883500562037,0.1803921568627451,0.12549019607843137,0.1803921568627451,7.847584623084226,5.919884540120194
real_world_dataset_2__obj193__l2__to__l1,full_image_white_patch,test,obj193,l2,l1,0.4938863605315861,0.5685783767067072,0.5196420906569528,0.38823529411764707,0.5333333333333333,0.592156862745098,16.91614708110038,13.711858576483142
real_world_dataset_2__obj194__l2__to__l1,full_image_white_patch,test,obj194,l2,l1,0.7489260385110116,0.4700844846787736,0.5029868954435889,0.6627450980392157,0.4392156862745098,0.5372549019607843,12.58741373391908,8.336326880293162
real_world_dataset_2__obj195__l2__to__l1,full_image_white_patch,test,obj195,l2,l1,0.12144746570448837,0.48799246504748883,0.46967650501686115,0.03137254901960784,0.42745098039215684,0.5019607843137255,16.19084547597958,11.612623360898745
real_world_dataset_2__obj198__l2__to__l1,full_image_white_patch,test,obj198,l2,l1,0.17002645198628372,0.21041876933240347,0.23983481107243973,0.11764705882352941,0.18823529411764706,0.27058823529411763,9.796481001403814,7.008265788266282
real_world_dataset_2__obj199__l2__to__l1,full_image_white_patch,test,obj199,l2,l1,0.17002645198628372,0.18803379387150945,0.22317961585907586,0.11372549019607843,0.1803921568627451,0.2549019607843137,7.9680153994067195,5.6195441834853685
real_world_dataset_2__obj205__l2__to__l1,full_image_white_patch,test,obj205,l2,l1,0.07691672827950931,0.34472862209776733,0.46967650501686115,0.00392156862745098,0.34901960784313724,0.592156862745098,19.50069593524028,6.710525410477721
real_world_dataset_2__obj006__l2__to__l2,full_image_white_patch,test,obj006,l2,l2,0.27450980392156865,0.25098039215686274,0.13725490196078433,0.27450980392156865,0.25098039215686274,0.13725490196078433,0.0,0.0
real_world_dataset_2__obj014__l2__to__l2,full_image_white_patch,test,obj014,l2,l2,0.788235294117647,0.2980392156862745,0.21568627450980393,0.788235294117647,0.2980392156862745,0.21568627450980393,0.0,0.0
real_world_dataset_2__obj019__l2__to__l2,full_image_white_patch,test,obj019,l2,l2,0.16470588235294117,0.10196078431372549,0.10980392156862745,0.16470588235294117,0.10196078431372549,0.10980392156862745,0.0,0.0
real_world_dataset_2__obj022__l2__to__l2,full_image_white_patch,test,obj022,l2,l2,0.25098039215686274,0.11764705882352941,0.11372549019607843,0.25098039215686274,0.11764705882352941,0.11372549019607843,0.0,0.0
real_world_dataset_2__obj030__l2__to__l2,full_image_white_patch,test,obj030,l2,l2,0.5215686274509804,0.4627450980392157,0.3333333333333333,0.5215686274509804,0.4627450980392157,0.3333333333333333,0.0,0.0
real_world_dataset_2__obj034__l2__to__l2,full_image_white_patch,test,obj034,l2,l2,0.807843137254902,0.5529411764705883,0.4117647058823529,0.807843137254902,0.5529411764705883,0.4117647058823529,0.0,0.0
real_world_dataset_2__obj035__l2__to__l2,full_image_white_patch,test,obj035,l2,l2,0.796078431372549,0.44313725490196076,0.4,0.796078431372549,0.44313725490196076,0.4,0.0,0.0
real_world_dataset_2__obj036__l2__to__l2,full_image_white_patch,test,obj036,l2,l2,0.1568627450980392,0.12156862745098039,0.12549019607843137,0.1568627450980392,0.12156862745098039,0.12549019607843137,0.0,0.0
real_world_dataset_2__obj041__l2__to__l2,full_image_white_patch,test,obj041,l2,l2,0.35294117647058826,0.11372549019607843,0.12941176470588237,0.35294117647058826,0.11372549019607843,0.12941176470588237,0.0,0.0
real_world_dataset_2__obj044__l2__to__l2,full_image_white_patch,test,obj044,l2,l2,0.5647058823529412,0.1607843137254902,0.17647058823529413,0.5647058823529412,0.1607843137254902,0.17647058823529413,0.0,0.0
real_world_dataset_2__obj047__l2__to__l2,full_image_white_patch,test,obj047,l2,l2,0.7411764705882353,0.2627450980392157,0.2784313725490196,0.7411764705882353,0.2627450980392157,0.2784313725490196,0.0,0.0
real_world_dataset_2__obj049__l2__to__l2,full_image_white_patch,test,obj049,l2,l2,0.7019607843137254,0.43529411764705883,0.3843137254901961,0.7019607843137254,0.43529411764705883,0.3843137254901961,0.0,0.0
real_world_dataset_2__obj058__l2__to__l2,full_image_white_patch,test,obj058,l2,l2,0.23921568627450981,0.11372549019607843,0.16470588235294117,0.23921568627450981,0.11372549019607843,0.16470588235294117,0.0,0.0
real_world_dataset_2__obj064__l2__to__l2,full_image_white_patch,test,obj064,l2,l2,0.5450980392156862,0.2901960784313726,0.33725490196078434,0.5450980392156862,0.2901960784313726,0.33725490196078434,0.0,0.0
real_world_dataset_2__obj077__l2__to__l2,full_image_white_patch,test,obj077,l2,l2,0.3607843137254902,0.11372549019607843,0.2235294117647059,0.3607843137254902,0.11372549019607843,0.2235294117647059,0.0,0.0
real_world_dataset_2__obj097__l2__to__l2,full_image_white_patch,test,obj097,l2,l2,0.21176470588235294,0.2,0.34901960784313724,0.21176470588235294,0.2,0.34901960784313724,0.0,0.0
real_world_dataset_2__obj102__l2__to__l2,full_image_white_patch,test,obj102,l2,l2,0.011764705882352941,0.3215686274509804,0.5686274509803921,0.011764705882352941,0.3215686274509804,0.5686274509803921,0.0,0.0
real_world_dataset_2__obj110__l2__to__l2,full_image_white_patch,test,obj110,l2,l2,0.18823529411764706,0.10980392156862745,0.12156862745098039,0.18823529411764706,0.10980392156862745,0.12156862745098039,0.0,0.0
real_world_dataset_2__obj113__l2__to__l2,full_image_white_patch,test,obj113,l2,l2,0.27450980392156865,0.10980392156862745,0.11372549019607843,0.27450980392156865,0.10980392156862745,0.11372549019607843,0.0,0.0
real_world_dataset_2__obj136__l2__to__l2,full_image_white_patch,test,obj136,l2,l2,0.5019607843137255,0.3215686274509804,0.20784313725490197,0.5019607843137255,0.3215686274509804,0.20784313725490197,0.0,0.0
real_world_dataset_2__obj139__l2__to__l2,full_image_white_patch,test,obj139,l2,l2,0.6823529411764706,0.4745098039215686,0.3215686274509804,0.6823529411764706,0.4745098039215686,0.3215686274509804,0.0,0.0
real_world_dataset_2__obj140__l2__to__l2,full_image_white_patch,test,obj140,l2,l2,0.8235294117647058,0.41568627450980394,0.3411764705882353,0.8235294117647058,0.41568627450980394,0.3411764705882353,0.0,0.0
real_world_dataset_2__obj141__l2__to__l2,full_image_white_patch,test,obj141,l2,l2,0.5294117647058824,0.5529411764705883,0.41568627450980394,0.5294117647058824,0.5529411764705883,0.41568627450980394,0.0,0.0
real_world_dataset_2__obj163__l2__to__l2,full_image_white_patch,test,obj163,l2,l2,0.17647058823529413,0.13725490196078433,0.1607843137254902,0.17647058823529413,0.13725490196078433,0.1607843137254902,0.0,0.0
real_world_dataset_2__obj175__l2__to__l2,full_image_white_patch,test,obj175,l2,l2,0.592156862745098,0.4980392156862745,0.5294117647058824,0.592156862745098,0.4980392156862745,0.5294117647058824,0.0,0.0
real_world_dataset_2__obj181__l2__to__l2,full_image_white_patch,test,obj181,l2,l2,0.1607843137254902,0.1450980392156863,0.20784313725490197,0.1607843137254902,0.1450980392156863,0.20784313725490197,0.0,0.0
real_world_dataset_2__obj182__l2__to__l2,full_image_white_patch,test,obj182,l2,l2,0.21568627450980393,0.11764705882352941,0.1843137254901961,0.21568627450980393,0.11764705882352941,0.1843137254901961,0.0,0.0
real_world_dataset_2__obj193__l2__to__l2,full_image_white_patch,test,obj193,l2,l2,0.47843137254901963,0.4980392156862745,0.611764705882353,0.47843137254901963,0.4980392156862745,0.611764705882353,0.0,0.0
real_world_dataset_2__obj194__l2__to__l2,full_image_white_patch,test,obj194,l2,l2,0.7254901960784313,0.4117647058823529,0.592156862745098,0.7254901960784313,0.4117647058823529,0.592156862745098,0.0,0.0
real_world_dataset_2__obj195__l2__to__l2,full_image_white_patch,test,obj195,l2,l2,0.11764705882352941,0.42745098039215684,0.5529411764705883,0.11764705882352941,0.42745098039215684,0.5529411764705883,0.0,0.0
real_world_dataset_2__obj198__l2__to__l2,full_image_white_patch,test,obj198,l2,l2,0.16470588235294117,0.1843137254901961,0.2823529411764706,0.16470588235294117,0.1843137254901961,0.2823529411764706,0.0,0.0
real_world_dataset_2__obj199__l2__to__l2,full_image_white_patch,test,obj199,l2,l2,0.16470588235294117,0.16470588235294117,0.2627450980392157,0.16470588235294117,0.16470588235294117,0.2627450980392157,0.0,0.0
real_world_dataset_2__obj205__l2__to__l2,full_image_white_patch,test,obj205,l2,l2,0.07450980392156863,0.30196078431372547,0.5529411764705883,0.07450980392156863,0.30196078431372547,0.5529411764705883,0.0,0.0
real_world_dataset_2__obj006__l2__to__l3,full_image_white_patch,test,obj006,l2,l3,0.2730206346683929,0.2833365847716893,0.12407610770409339,0.2627450980392157,0.3254901960784314,0.1568627450980392,7.376605675136867,5.6159458475612105
real_world_dataset_2__obj014__l2__to__l3,full_image_white_patch,test,obj014,l2,l3,0.7839592509763851,0.3364621944163811,0.19497674067786103,0.7372549019607844,0.34901960784313724,0.2235294117647059,8.203939053978383,2.568461569097048
real_world_dataset_2__obj019__l2__to__l3,full_image_white_patch,test,obj019,l2,l3,0.1638123808010357,0.11510548756349878,0.0992608861632747,0.1803921568627451,0.1411764705882353,0.12941176470588237,3.4292513351922977,2.501256084901793
real_world_dataset_2__obj022__l2__to__l3,full_image_white_patch,test,obj022,l2,l3,0.24961886598253058,0.13281402411172938,0.10280591781196309,0.2784313725490196,0.16470588235294117,0.12941176470588237,3.6655422667884507,2.57230134901984
real_world_dataset_2__obj030__l2__to__l3,full_image_white_patch,test,obj030,l2,l3,0.5187392058699465,0.5224018281728022,0.30132769013851246,0.4627450980392157,0.49019607843137253,0.3411764705882353,10.864785859405513,6.182096949058055
real_world_dataset_2__obj034__l2__to__l3,full_image_white_patch,test,obj034,l2,l3,0.8034607248812704,0.6242259133251281,0.3722283231122801,0.7607843137254902,0.5882352941176471,0.4196078431372549,11.36130472479962,5.814294605151417
real_world_dataset_2__obj035__l2__to__l3,full_image_white_patch,test,obj035,l2,l3,0.7917598405383391,0.5002661574875139,0.36159322816621503,0.7490196078431373,0.49019607843137253,0.4,8.483440295975194,4.246593399650221
real_world_dataset_2__obj036__l2__to__l3,full_image_white_patch,test,obj036,l2,l3,0.15601179123908163,0.13724115824878702,0.11344101275802823,0.1411764705882353,0.1568627450980392,0.13333333333333333,4.73795276612241,6.139138921663708
real_world_dataset_2__obj041__l2__to__l3,full_image_white_patch,test,obj041,l2,l3,0.3510265302879337,0.12838688997467174,0.11698604440671663,0.4,0.16470588235294117,0.16862745098039217,5.290763411222525,3.8043634749356796
real_world_dataset_2__obj044__l2__to__l3,full_image_white_patch,test,obj044,l2,l3,0.5616424484606939,0.1815124996193635,0.1595264241909772,0.5882352941176471,0.23137254901960785,0.21176470588235294,5.675102778050006,3.4540440962069208
real_world_dataset_2__obj047__l2__to__l3,full_image_white_patch,test,obj047,l2,l3,0.7371557136046607,0.29661798718286225,0.25169724705687513,0.7137254901960784,0.3176470588235294,0.2980392156862745,7.947526884010335,3.193401626197775
real_world_dataset_2__obj049__l2__to__l3,full_image_white_patch,test,obj049,l2,l3,0.6981527657948902,0.4914118892133987,0.3474131015714615,0.6509803921568628,0.4745098039215686,0.39215686274509803,10.025099418792212,5.5870966438770475
real_world_dataset_2__obj058__l2__to__l3,full_image_white_patch,test,obj058,l2,l3,0.23791798163959949,0.12838688997467174,0.14889132924491205,0.25098039215686274,0.1607843137254902,0.2,5.7114103537989225,4.069626625383051
real_world_dataset_2__obj064__l2__to__l3,full_image_white_patch,test,obj064,l2,l3,0.5421409745558086,0.3276079261422658,0.3048727217872009,0.5176470588235295,0.3568627450980392,0.37254901960784315,9.856731210870656,6.022589193043998
real_world_dataset_2__obj077__l2__to__l3,full_image_white_patch,test,obj077,l2,l3,0.35882711984988774,0.12838688997467174,0.2020668039752378,0.3843137254901961,0.1607843137254902,0.2823529411764706,9.308657212606374,5.757838768600827
real_world_dataset_2__obj097__l2__to__l3,full_image_white_patch,test,obj097,l2,l3,0.21061591817276018,0.22578384098993995,0.315507816733266,0.17254901960784313,0.2823529411764706,0.43137254901960786,12.287918183835103,9.219728794675051
real_world_dataset_2__obj102__l2__to__l3,full_image_white_patch,test,obj102,l2,l3,0.011700884342931121,0.363024999238727,0.5140295890598154,0.0,0.38823529411764707,0.596078431372549,9.3633245103515,4.142019053051003
real_world_dataset_2__obj110__l2__to__l3,full_image_white_patch,test,obj110,l2,l3,0.18721414948689794,0.12395975583761408,0.10989598110933985,0.19215686274509805,0.1450980392156863,0.13725490196078433,3.4918866640312873,2.7880313854379772
real_world_dataset_2__obj113__l2__to__l3,full_image_white_patch,test,obj113,l2,l3,0.2730206346683929,0.12395975583761408,0.10280591781196309,0.30980392156862746,0.1568627450980392,0.12941176470588237,3.884924130274497,2.6812365945934404
real_world_dataset_2__obj136__l2__to__l3,full_image_white_patch,test,obj136,l2,l3,0.49923773196506116,0.363024999238727,0.18788667738048428,0.4823529411764706,0.39215686274509803,0.23529411764705882,7.324106951000985,4.616770217709014
real_world_dataset_2__obj139__l2__to__l3,full_image_white_patch,test,obj139,l2,l3,0.6786512918900051,0.5356832305839752,0.2906925951924474,0.615686274509804,0.5019607843137255,0.34509803921568627,13.076349383906702,6.202615325164916
real_world_dataset_2__obj140__l2__to__l3,full_image_white_patch,test,obj140,l2,l3,0.8190619040051785,0.46927621852811047,0.3084177534358893,0.7607843137254902,0.4549019607843137,0.3568627450980392,11.21772074464819,5.277984216174535
real_world_dataset_2__obj141__l2__to__l3,full_image_white_patch,test,obj141,l2,l3,0.5265397954319004,0.6242259133251281,0.37577335476096857,0.44313725490196076,0.5490196078431373,0.403921568627451,15.492412971076558,9.065352073325391
real_world_dataset_2__obj163__l2__to__l3,full_image_white_patch,test,obj163,l2,l3,0.17551326514396684,0.15494969479701762,0.1453462975962237,0.1450980392156863,0.1607843137254902,0.16470588235294117,5.0803164967930625,5.995768360969758
real_world_dataset_2__obj175__l2__to__l3,full_image_white_patch,test,obj175,l2,l3,0.5889445119275332,0.562246035406321,0.47857927257293165,0.4980392156862745,0.5019607843137255,0.48627450980392156,11.960807267098824,9.686704878576535
real_world_dataset_2__obj181__l2__to__l3,full_image_white_patch,test,obj181,l2,l3,0.15991208602005869,0.1638039630711329,0.18788667738048428,0.12156862745098039,0.17254901960784313,0.22745098039215686,6.917475521782071,5.890980947081576
real_world_dataset_2__obj182__l2__to__l3,full_image_white_patch,test,obj182,l2,l3,0.21451621295373724,0.13281402411172938,0.16661648748835398,0.21568627450980393,0.13725490196078433,0.2,5.154327673572676,3.576162966467341
real_world_dataset_2__obj193__l2__to__l3,full_image_white_patch,test,obj193,l2,l3,0.47583596327919897,0.562246035406321,0.5530249371953877,0.38823529411764707,0.4980392156862745,0.5607843137254902,12.417525799655992,10.566215268473403
real_world_dataset_2__obj194__l2__to__l3,full_image_white_patch,test,obj194,l2,l3,0.7215545344807525,0.46484908439105277,0.5352997789519457,0.6313725490196078,0.4196078431372549,0.5294117647058824,9.572221201456482,7.105878897084673
real_world_dataset_2__obj195__l2__to__l3,full_image_white_patch,test,obj195,l2,l3,0.11700884342931121,0.48255762093928334,0.49984946246506196,0.00392156862745098,0.41568627450980394,0.48627450980392156,10.954086051576462,8.446775575908092
real_world_dataset_2__obj198__l2__to__l3,full_image_white_patch,test,obj198,l2,l3,0.1638123808010357,0.20807530444170935,0.25524227870556354,0.09803921568627451,0.20392156862745098,0.30196078431372547,9.436235825829076,5.768072833247566
real_world_dataset_2__obj199__l2__to__l3,full_image_white_patch,test,obj199,l2,l3,0.1638123808010357,0.1859396337564211,0.23751712046212162,0.10980392156862745,0.19607843137254902,0.2823529411764706,7.546501157959739,5.701133626769637
real_world_dataset_2__obj205__l2__to__l3,full_image_white_patch,test,obj205,l2,l3,0.07410560083856377,0.3408893285534387,0.49984946246506196,0.0,0.38823529411764707,0.6078431372549019,10.30238512454079,4.956874749261519
real_world_dataset_2__obj006__l2__to__l4,full_image_white_patch,test,obj006,l2,l4,0.28725536435262944,0.2834347441600897,0.11584072181116892,0.2980392156862745,0.3254901960784314,0.1568627450980392,5.643285245977512,4.533327153736071
real_world_dataset_2__obj014__l2__to__l4,full_image_white_patch,test,obj014,l2,l4,0.8248332604982646,0.3365787586901065,0.1820354199889797,0.7529411764705882,0.33725490196078434,0.18823529411764706,8.830146079130625,3.734343043891089
real_world_dataset_2__obj019__l2__to__l4,full_image_white_patch,test,obj019,l2,l4,0.17235321861157765,0.11514536481503643,0.09267257744893512,0.2196078431372549,0.16862745098039217,0.1450980392156863,6.382669363952158,4.356664816780153
real_world_dataset_2__obj022__l2__to__l4,full_image_white_patch,test,obj022,l2,l4,0.2626334759795469,0.13286003632504204,0.09598231235782566,0.3058823529411765,0.18823529411764706,0.1411764705882353,6.325067629818919,4.5585838769174
real_world_dataset_2__obj030__l2__to__l4,full_image_white_patch,test,obj030,l2,l4,0.545785192269996,0.5225828095451653,0.2813274672556959,0.48627450980392156,0.4745098039215686,0.2823529411764706,8.121037013759102,5.54631040115726
real_world_dataset_2__obj034__l2__to__l4,full_image_white_patch,test,obj034,l2,l4,0.8453515008091667,0.6244421707276976,0.34752216543350667,0.7686274509803922,0.5647058823529412,0.3411764705882353,8.996466991796698,5.446036859459435
real_world_dataset_2__obj035__l2__to__l4,full_image_white_patch,test,obj035,l2,l4,0.8330405566226253,0.5004394701576583,0.3375929607068351,0.7568627450980392,0.4666666666666667,0.3215686274509804,6.950121503727492,4.379440542202815
real_world_dataset_2__obj036__l2__to__l4,full_image_white_patch,test,obj036,l2,l4,0.16414592248721682,0.13728870420254344,0.10591151708449728,0.1843137254901961,0.18823529411764706,0.16470588235294117,6.983006766024663,6.514467649262968
real_world_dataset_2__obj041__l2__to__l4,full_image_white_patch,test,obj041,l2,l4,0.36932832559623785,0.12843136844754063,0.10922125199338784,0.43137254901960786,0.1843137254901961,0.17254901960784313,6.504189320420359,4.696862280596991
real_world_dataset_2__obj044__l2__to__l4,full_image_white_patch,test,obj044,l2,l4,0.5909253209539805,0.18157538297755746,0.14893807090007433,0.6078431372549019,0.23529411764705882,0.1843137254901961,5.485967316852849,3.1253948822901947
real_world_dataset_2__obj047__l2__to__l4,full_image_white_patch,test,obj047,l2,l4,0.7755894837520995,0.2967207477925939,0.23499117853122836,0.7294117647058823,0.3176470588235294,0.24705882352941178,7.482396745724693,2.4228209998009795
real_world_dataset_2__obj049__l2__to__l4,full_image_white_patch,test,obj049,l2,l4,0.7345530031302953,0.4915821344026555,0.3243540210712729,0.6745098039215687,0.47058823529411764,0.3215686274509804,6.169118432496138,3.6362334972602355
real_world_dataset_2__obj058__l2__to__l4,full_image_white_patch,test,obj058,l2,l4,0.2503225317930057,0.12843136844754063,0.1390088661734027,0.2980392156862745,0.18823529411764706,0.20784313725490197,7.20279955322654,4.992798667973109
real_world_dataset_2__obj064__l2__to__l4,full_image_white_patch,test,obj064,l2,l4,0.5704070806430784,0.3277214229351037,0.2846372021645865,0.5411764705882353,0.35294117647058826,0.3176470588235294,7.303507672417365,3.48994536481487
real_world_dataset_2__obj077__l2__to__l4,full_image_white_patch,test,obj077,l2,l4,0.3775356217205987,0.12843136844754063,0.1886548898067608,0.4392156862745098,0.18823529411764706,0.2823529411764706,9.108138220974716,6.235596659096114
real_world_dataset_2__obj097__l2__to__l4,full_image_white_patch,test,obj097,l2,l4,0.22159699535774272,0.22586206175257148,0.29456640689125807,0.22745098039215686,0.29411764705882354,0.4196078431372549,12.113851223003541,8.89614815358793
real_world_dataset_2__obj102__l2__to__l4,full_image_white_patch,test,obj102,l2,l4,0.012310944186541262,0.3631507659551149,0.4799115617891283,0.0,0.3686274509803922,0.5294117647058824,7.344289415342542,3.928253313509971
real_world_dataset_2__obj110__l2__to__l4,full_image_white_patch,test,obj110,l2,l4,0.1969751069846602,0.12400270057003923,0.10260178217560674,0.23921568627450981,0.1803921568627451,0.16862745098039217,7.12054696055109,4.970147086610113
real_world_dataset_2__obj113__l2__to__l4,full_image_white_patch,test,obj113,l2,l4,0.28725536435262944,0.12400270057003923,0.09598231235782566,0.3568627450980392,0.19215686274509805,0.1607843137254902,7.654827088124127,5.363730336062379
real_world_dataset_2__obj136__l2__to__l4,full_image_white_patch,test,obj136,l2,l4,0.5252669519590938,0.3631507659551149,0.17541595017119863,0.5137254901960784,0.403921568627451,0.23529411764705882,8.577929382523141,5.248349930824878
real_world_dataset_2__obj139__l2__to__l4,full_image_white_patch,test,obj139,l2,l4,0.7140347628193932,0.5358688131776695,0.2713982625290243,0.6549019607843137,0.5058823529411764,0.30196078431372547,9.471565459706676,4.503592057880729
real_world_dataset_2__obj140__l2__to__l4,full_image_white_patch,test,obj140,l2,l4,0.8617660930578883,0.46943879501514857,0.287946937073477,0.8,0.4627450980392157,0.30980392156862746,8.478520288436906,3.278038031756873
real_world_dataset_2__obj141__l2__to__l4,full_image_white_patch,test,obj141,l2,l4,0.5539924883943568,0.6244421707276976,0.35083190034239725,0.4823529411764706,0.5490196078431373,0.3568627450980392,12.528688696759536,7.538564914410573
real_world_dataset_2__obj163__l2__to__l4,full_image_white_patch,test,obj163,l2,l4,0.18466416279811892,0.15500337571254905,0.13569913126451216,0.20784313725490197,0.20392156862745098,0.21176470588235294,7.9181495829175335,6.6128998737899956
real_world_dataset_2__obj175__l2__to__l4,full_image_white_patch,test,obj175,l2,l4,0.6196508573892435,0.562440820442678,0.4468142127002229,0.5372549019607843,0.5137254901960784,0.47058823529411764,12.093077630367768,8.47737096342459
real_world_dataset_2__obj181__l2__to__l4,full_image_white_patch,test,obj181,l2,l4,0.16824957054939726,0.16386071146755185,0.17541595017119863,0.17647058823529413,0.20784313725490197,0.27058823529411763,10.496377386865303,8.119587827164679
real_world_dataset_2__obj182__l2__to__l4,full_image_white_patch,test,obj182,l2,l4,0.22570064341992313,0.13286003632504204,0.15555754071785538,0.25882352941176473,0.17254901960784313,0.24313725490196078,9.643161940763195,6.669582784816287
real_world_dataset_2__obj193__l2__to__l4,full_image_white_patch,test,obj193,l2,l4,0.5006450635860114,0.562440820442678,0.5163186457869243,0.4117647058823529,0.5058823529411764,0.5450980392156862,13.874772528903483,12.11649944178078
real_world_dataset_2__obj194__l2__to__l4,full_image_white_patch,test,obj194,l2,l4,0.7591748915033778,0.4650101271376471,0.4997699712424716,0.6627450980392157,0.43137254901960786,0.5019607843137255,10.35185435842012,7.026503220014606
real_world_dataset_2__obj195__l2__to__l4,full_image_white_patch,test,obj195,l2,l4,0.12310944186541262,0.4827247986476527,0.4666726221535662,0.050980392156862744,0.41568627450980394,0.47058823529411764,13.375807753199194,10.010577246390874
real_world_dataset_2__obj198__l2__to__l4,full_image_white_patch,test,obj198,l2,l4,0.17235321861157765,0.20814739024256587,0.2383009134401189,0.16470588235294117,0.24705882352941178,0.3411764705882353,11.733486504692893,7.921531527314153
real_world_dataset_2__obj199__l2__to__l4,full_image_white_patch,test,obj199,l2,l4,0.17235321861157765,0.18600405085505886,0.2217522388956662,0.16862745098039217,0.23529411764705882,0.3254901960784314,11.085863537198753,7.648366261631094
real_world_dataset_2__obj205__l2__to__l4,full_image_white_patch,test,obj205,l2,l4,0.077969313181428,0.34100742656760785,0.4666726221535662,0.0,0.41568627450980394,0.6549019607843137,18.89574233124067,8.961676937280854
real_world_dataset_2__obj006__l3__to__l0,full_image_white_patch,test,obj006,l3,l0,0.2534664969943743,0.3245669297330983,0.16369122369085434,0.2,0.3176470588235294,0.1843137254901961,6.572823579841596,4.47903717695927
real_world_dataset_2__obj014__l3__to__l0,full_image_white_patch,test,obj014,l3,l0,0.7112194244021249,0.3480295993523584,0.23325999375946746,0.6745098039215687,0.3058823529411765,0.2627450980392157,9.910342483831936,6.6829116177013095
real_world_dataset_2__obj019__l3__to__l0,full_image_white_patch,test,obj019,l3,l0,0.17402177405583905,0.1407760177155607,0.13504525954495486,0.12549019607843137,0.11764705882352941,0.13725490196078433,6.639853790826581,5.740051630757552
real_world_dataset_2__obj022__l3__to__l0,full_image_white_patch,test,obj022,l3,l0,0.2685988251731429,0.1642386873348208,0.13504525954495486,0.20392156862745098,0.13725490196078433,0.13725490196078433,8.6496533290226,6.1513828446541945
real_world_dataset_2__obj030__l3__to__l0,full_image_white_patch,test,obj030,l3,l0,0.44640368127367414,0.4888056170679191,0.3560284115276082,0.3843137254901961,0.4980392156862745,0.38823529411764707,7.988347115924776,6.250568015972084
real_world_dataset_2__obj034__l3__to__l0,full_image_white_patch,test,obj034,l3,l0,0.7339179166702777,0.5865667404815029,0.4378740233730354,0.6980392156862745,0.5725490196078431,0.47058823529411764,7.274543514203549,3.964853759914523
real_world_dataset_2__obj035__l3__to__l0,full_image_white_patch,test,obj035,l3,l0,0.7225686705362013,0.4888056170679191,0.4174126204116786,0.6901960784313725,0.47058823529411764,0.4588235294117647,9.009104719762103,6.356376498136964
real_world_dataset_2__obj036__l3__to__l0,full_image_white_patch,test,obj036,l3,l0,0.13619095360891753,0.15641779746173412,0.1391375401372262,0.10980392156862745,0.1411764705882353,0.15294117647058825,5.663967619650792,5.175025961863491
real_world_dataset_2__obj041__l3__to__l0,full_image_white_patch,test,obj041,l3,l0,0.3858743685585997,0.1642386873348208,0.17596806546766844,0.3058823529411765,0.12549019607843137,0.17647058823529413,10.693405950535572,6.975807598055582
real_world_dataset_2__obj044__l3__to__l0,full_image_white_patch,test,obj044,l3,l0,0.567462306703823,0.23071625125605782,0.22098315198265336,0.49019607843137253,0.17254901960784313,0.2235294117647059,11.155937780481858,7.581432768363392
real_world_dataset_2__obj047__l3__to__l0,full_image_white_patch,test,obj047,l3,l0,0.6885209321339719,0.31674603986001154,0.31101332501262324,0.6313725490196078,0.2627450980392157,0.33725490196078434,12.260850530866128,8.248820087627355
real_world_dataset_2__obj049__l3__to__l0,full_image_white_patch,test,obj049,l3,l0,0.6279916194188975,0.47316383732174566,0.40922805922713584,0.5882352941176471,0.4549019607843137,0.4470588235294118,8.933403539145486,6.676758162129695
real_world_dataset_2__obj058__l3__to__l0,full_image_white_patch,test,obj058,l3,l0,0.2421172508602978,0.16032824239827748,0.2087063102058393,0.19607843137254902,0.13725490196078433,0.2235294117647059,8.033170225692462,5.5157407306967245
real_world_dataset_2__obj064__l3__to__l0,full_image_white_patch,test,obj064,l3,l0,0.4993668298993643,0.3558504892254451,0.3887666562657791,0.4470588235294118,0.3333333333333333,0.42745098039215684,10.58299130035332,7.203124769324768
real_world_dataset_2__obj077__l3__to__l0,full_image_white_patch,test,obj077,l3,l0,0.37074204037983105,0.16032824239827748,0.2946442026435378,0.30980392156862746,0.12156862745098039,0.2980392156862745,9.059828473805926,5.453057443729027
real_world_dataset_2__obj097__l3__to__l0,full_image_white_patch,test,obj097,l3,l0,0.16645560996645475,0.2815520354311214,0.4501508651498495,0.11372549019607843,0.25098039215686274,0.47058823529411764,9.475400515654833,3.0070353977965985
real_world_dataset_2__obj102__l3__to__l0,full_image_white_patch,test,obj102,l3,l0,0.0,0.38713404871779195,0.6220266500252465,0.00392156862745098,0.3843137254901961,0.6588235294117647,6.639075934884234,1.7754708705379743
real_world_dataset_2__obj110__l3__to__l0,full_image_white_patch,test,obj110,l3,l0,0.18537102018991553,0.14468646265210405,0.14322982072949758,0.1568627450980392,0.13333333333333333,0.14901960784313725,4.252052212051885,3.687420337795261
real_world_dataset_2__obj113__l3__to__l0,full_image_white_patch,test,obj113,l3,l0,0.29886348153068015,0.15641779746173412,0.13504525954495486,0.24313725490196078,0.1411764705882353,0.14901960784313725,8.606074425313457,5.694219515859459
real_world_dataset_2__obj136__l3__to__l0,full_image_white_patch,test,obj136,l3,l0,0.46531909149713485,0.39104449365433525,0.24553683553628153,0.42745098039215684,0.38823529411764707,0.2901960784313726,8.557597561049613,5.026420545546864
real_world_dataset_2__obj139__l3__to__l0,full_image_white_patch,test,obj139,l3,l0,0.5939438810166681,0.5005369518775491,0.36012069211987957,0.592156862745098,0.5254901960784314,0.40784313725490196,5.2140178111383655,3.4700977546944003
real_world_dataset_2__obj140__l3__to__l0,full_image_white_patch,test,obj140,l3,l0,0.7339179166702777,0.45361161263902894,0.37239753389669367,0.7411764705882353,0.4470588235294118,0.4196078431372549,7.355072558185102,5.240564271847066
real_world_dataset_2__obj141__l3__to__l0,full_image_white_patch,test,obj141,l3,l0,0.4274882710502133,0.5474622911160695,0.42150490100394994,0.38823529411764707,0.6,0.49411764705882355,9.229000114711997,6.639503925867161
real_world_dataset_2__obj163__l3__to__l0,full_image_white_patch,test,obj163,l3,l0,0.1399740356536097,0.16032824239827748,0.17187578487539706,0.12549019607843137,0.15294117647058825,0.1843137254901961,3.7262940594195104,3.2243269723593517
real_world_dataset_2__obj175__l3__to__l0,full_image_white_patch,test,obj175,l3,l0,0.4804514196759035,0.5005369518775491,0.5074427934416484,0.43529411764705883,0.5058823529411764,0.5647058823529412,8.770756568720714,6.89172887053939
real_world_dataset_2__obj181__l3__to__l0,full_image_white_patch,test,obj181,l3,l0,0.11727554338545676,0.17205957720790752,0.2373522743517388,0.11372549019607843,0.16470588235294117,0.23921568627450981,1.9698599021047145,1.753564663739159
real_world_dataset_2__obj182__l3__to__l0,full_image_white_patch,test,obj182,l3,l0,0.20806951245806846,0.13686557277901737,0.2087063102058393,0.17647058823529413,0.13725490196078433,0.21568627450980393,4.062029088639373,3.5693596314552827
real_world_dataset_2__obj193__l3__to__l0,full_image_white_patch,test,obj193,l3,l0,0.3745251224245232,0.4966265069410058,0.5851961246948043,0.2823529411764706,0.47843137254901963,0.6078431372549019,7.849040069916647,4.58262866443201
real_world_dataset_2__obj194__l3__to__l0,full_image_white_patch,test,obj194,l3,l0,0.6090762091954367,0.41841760821013874,0.5524578799566334,0.5725490196078431,0.3803921568627451,0.5725490196078431,9.200914659581649,5.407783038190302
real_world_dataset_2__obj195__l3__to__l0,full_image_white_patch,test,obj195,l3,l0,0.0037830820446921533,0.41450716327359544,0.5074427934416484,0.00392156862745098,0.4196078431372549,0.5450980392156862,5.386793606469209,3.263594192346417
real_world_dataset_2__obj198__l3__to__l0,full_image_white_patch,test,obj198,l3,l0,0.09457705111730383,0.20334313670025433,0.3151056056048946,0.10980392156862745,0.20392156862745098,0.3215686274509804,1.5458559881514824,1.380187661763592
real_world_dataset_2__obj199__l3__to__l0,full_image_white_patch,test,obj199,l3,l0,0.1059262972513803,0.19552224682716762,0.2946442026435378,0.11372549019607843,0.18823529411764706,0.30196078431372547,3.1720324840294674,2.5579987900480012
real_world_dataset_2__obj205__l3__to__l0,full_image_white_patch,test,obj205,l3,l0,0.0,0.38713404871779195,0.6343034918020606,0.00392156862745098,0.33725490196078434,0.6235294117647059,9.562872601649621,4.910420505850948
real_world_dataset_2__obj006__l3__to__l1,full_image_white_patch,test,obj006,l3,l1,0.27271209036791966,0.32915605565182743,0.14739386838922025,0.25882352941176473,0.3254901960784314,0.1803921568627451,5.506338285320454,2.933295925964558
real_world_dataset_2__obj014__l3__to__l1,full_image_white_patch,test,obj014,l3,l1,0.7652219849129686,0.3529504693134053,0.21003626245463888,0.7490196078431373,0.32941176470588235,0.21568627450980393,3.7540045995491784,2.6983122495155327
real_world_dataset_2__obj019__l3__to__l1,full_image_white_patch,test,obj019,l3,l1,0.18723516652125824,0.1427664819694673,0.12159994142110674,0.14901960784313725,0.12941176470588237,0.11764705882352941,4.4661449564513145,4.071741204303908
real_world_dataset_2__obj022__l3__to__l1,full_image_white_patch,test,obj022,l3,l1,0.28899340919585514,0.1665608956310452,0.12159994142110674,0.23529411764705882,0.15294117647058825,0.13333333333333333,7.9848492834921885,5.156834527492421
real_world_dataset_2__obj030__l3__to__l1,full_image_white_patch,test,obj030,l3,l1,0.48029890542409726,0.4957169512828726,0.32058166374655406,0.4823529411764706,0.5137254901960784,0.34509803921568627,2.5879783911687326,2.1649223821344874
real_world_dataset_2__obj034__l3__to__l1,full_image_white_patch,test,obj034,l3,l1,0.7896439631548717,0.5948603415394471,0.3942785979411642,0.7607843137254902,0.5843137254901961,0.3686274509803922,3.025828583717779,2.32946247212044
real_world_dataset_2__obj035__l3__to__l1,full_image_white_patch,test,obj035,l3,l1,0.7774329740339201,0.4957169512828726,0.3758543643925117,0.7490196078431373,0.4745098039215686,0.3411764705882353,3.0159308767622464,2.4506810770477068
real_world_dataset_2__obj036__l3__to__l1,full_image_white_patch,test,obj036,l3,l1,0.1465318694514195,0.15862942441051922,0.1252847881308372,0.12549019607843137,0.1411764705882353,0.13725490196078433,5.613701543011792,4.835042284200229
real_world_dataset_2__obj041__l3__to__l1,full_image_white_patch,test,obj041,l3,l1,0.41517363011235525,0.1665608956310452,0.1584484085184118,0.3411764705882353,0.14901960784313725,0.1568627450980392,9.108547129540717,5.019050063655487
real_world_dataset_2__obj044__l3__to__l1,full_image_white_patch,test,obj044,l3,l1,0.6105494560475813,0.23397840100551587,0.19898172232544736,0.5450980392156862,0.20392156862745098,0.2,7.9289345384137135,4.793275028922558
real_world_dataset_2__obj047__l3__to__l1,full_image_white_patch,test,obj047,l3,l1,0.7408000066710653,0.3212245844313014,0.2800483499395185,0.7058823529411765,0.3058823529411765,0.2823529411764706,4.215329162743869,2.6767003704448658
real_world_dataset_2__obj049__l3__to__l1,full_image_white_patch,test,obj049,l3,l1,0.6756747313593232,0.47985400884182067,0.36848467097305065,0.6627450980392157,0.47843137254901963,0.3607843137254902,1.526982935605711,1.2600259204483917
real_world_dataset_2__obj058__l3__to__l1,full_image_white_patch,test,obj058,l3,l1,0.260501101246968,0.16259516002078223,0.18792718219625584,0.21568627450980393,0.14901960784313725,0.18823529411764706,5.461774371667725,4.1880394626313855
real_world_dataset_2__obj064__l3__to__l1,full_image_white_patch,test,obj064,l3,l1,0.5372835213218715,0.36088194053393124,0.35006043742439813,0.5098039215686274,0.34509803921568627,0.35294117647058826,3.729288733824166,2.805704914317337
real_world_dataset_2__obj077__l3__to__l1,full_image_white_patch,test,obj077,l3,l1,0.39889231128441976,0.16259516002078223,0.2653089631005965,0.33725490196078434,0.1450980392156863,0.24705882352941178,6.174020169123682,3.7729804094411152
real_world_dataset_2__obj097__l3__to__l1,full_image_white_patch,test,obj097,l3,l1,0.1790945071072905,0.2855329639389346,0.40533313807035576,0.1607843137254902,0.24705882352941178,0.38823529411764707,5.998715890745798,4.1882680020265965
real_world_dataset_2__obj102__l3__to__l1,full_image_white_patch,test,obj102,l3,l1,0.0,0.3926078254160351,0.560096699879037,0.0,0.35294117647058826,0.5529411764705883,7.682691195440293,4.530479278414634
real_world_dataset_2__obj110__l3__to__l1,full_image_white_patch,test,obj110,l3,l1,0.19944615564220988,0.1467322175797303,0.12896963484056775,0.16470588235294117,0.13333333333333333,0.12549019607843137,4.09739924997601,3.437863877741568
real_world_dataset_2__obj113__l3__to__l1,full_image_white_patch,test,obj113,l3,l1,0.3215560468517261,0.15862942441051922,0.12159994142110674,0.26666666666666666,0.1411764705882353,0.12941176470588237,7.870272902979066,4.769095658541169
real_world_dataset_2__obj136__l3__to__l1,full_image_white_patch,test,obj136,l3,l1,0.5006505539590166,0.3965735610262981,0.2210908025838304,0.4745098039215686,0.396078431372549,0.23529411764705882,4.084202914589952,2.540677761243036
real_world_dataset_2__obj139__l3__to__l1,full_image_white_patch,test,obj139,l3,l1,0.6390417639964684,0.5076141581136615,0.3242665104562846,0.6470588235294118,0.5294117647058824,0.3411764705882353,2.5083278643263855,2.1654810460707115
real_world_dataset_2__obj140__l3__to__l1,full_image_white_patch,test,obj140,l3,l1,0.7896439631548717,0.4600253307905058,0.3353210505854761,0.792156862745098,0.4627450980392157,0.3333333333333333,0.6508833857512492,0.4290079935901652
real_world_dataset_2__obj141__l3__to__l1,full_image_white_patch,test,obj141,l3,l1,0.45994725688917787,0.5552029854368173,0.3795392111022422,0.47058823529411764,0.596078431372549,0.40784313725490196,4.754286032996813,3.600210056406444
real_world_dataset_2__obj163__l3__to__l1,full_image_white_patch,test,obj163,l3,l1,0.1506021991584034,0.16259516002078223,0.15476356180868128,0.1450980392156863,0.14901960784313725,0.1607843137254902,3.8913494253149907,4.2475658308677255
real_world_dataset_2__obj175__l3__to__l1,full_image_white_patch,test,obj175,l3,l1,0.5169318727869521,0.5076141581136615,0.4569209920065828,0.5254901960784314,0.5450980392156862,0.5215686274509804,5.973412603472089,5.5060770182327
real_world_dataset_2__obj181__l3__to__l1,full_image_white_patch,test,obj181,l3,l1,0.1261802209165001,0.17449236685157116,0.21372110916436937,0.12156862745098039,0.1568627450980392,0.2,2.4218759240662235,2.380484916441216
real_world_dataset_2__obj182__l3__to__l1,full_image_white_patch,test,obj182,l3,l1,0.22386813388411314,0.13880074635920434,0.18792718219625584,0.1803921568627451,0.12549019607843137,0.1803921568627451,4.694998127170948,3.728903818436622
real_world_dataset_2__obj193__l3__to__l1,full_image_white_patch,test,obj193,l3,l1,0.4029626409914036,0.5036484225033986,0.5269330794914624,0.38823529411764707,0.5333333333333333,0.592156862745098,6.531375323689619,4.739648582134098
real_world_dataset_2__obj194__l3__to__l1,full_image_white_patch,test,obj194,l3,l1,0.6553230828244039,0.42433371029813893,0.4974543058136184,0.6627450980392157,0.4392156862745098,0.5372549019607843,4.11001279700009,2.7563168570428864
real_world_dataset_2__obj195__l3__to__l1,full_image_white_patch,test,obj195,l3,l1,0.004070329706983875,0.42036797468787596,0.4569209920065828,0.03137254901960784,0.42745098039215684,0.5019607843137255,6.42823994226259,4.4066739273721165
real_world_dataset_2__obj198__l3__to__l1,full_image_white_patch,test,obj198,l3,l1,0.10175824267459688,0.206218251733675,0.283733196649249,0.11764705882352941,0.18823529411764706,0.27058823529411763,3.3339028997459463,3.5553278276705393
real_world_dataset_2__obj199__l3__to__l1,full_image_white_patch,test,obj199,l3,l1,0.11396923179554849,0.19828678051314905,0.2653089631005965,0.11372549019607843,0.1803921568627451,0.2549019607843137,2.881447439382744,2.8602201014994693
real_world_dataset_2__obj205__l3__to__l1,full_image_white_patch,test,obj205,l3,l1,0.0,0.3926078254160351,0.5711512400082285,0.00392156862745098,0.34901960784313724,0.592156862745098,12.820025268882434,5.679639106451264
real_world_dataset_2__obj006__l3__to__l2,full_image_white_patch,test,obj006,l3,l2,0.26417822019827114,0.28832018682234567,0.17352398538385624,0.27450980392156865,0.25098039215686274,0.13725490196078433,6.860466538512903,6.728646004363166
real_world_dataset_2__obj014__l3__to__l2,full_image_white_patch,test,obj014,l3,l2,0.7412761999593279,0.30916260996612965,0.24727167917199516,0.788235294117647,0.2980392156862745,0.21568627450980393,8.562235680846138,2.9678210623842793
real_world_dataset_2__obj019__l3__to__l2,full_image_white_patch,test,obj019,l3,l2,0.18137609147941,0.12505453886270415,0.14315728794168142,0.16470588235294117,0.10196078431372549,0.10980392156862745,3.5307772121012753,2.538232537297705
real_world_dataset_2__obj022__l3__to__l2,full_image_white_patch,test,obj022,l3,l2,0.27995005423995895,0.14589696200648816,0.14315728794168142,0.25098039215686274,0.11764705882352941,0.11372549019607843,3.3348632117698043,2.248750505710083
real_world_dataset_2__obj030__l3__to__l2,full_image_white_patch,test,obj030,l3,l2,0.46526910422979095,0.4342171488288338,0.37741466820988734,0.5215686274509804,0.4627450980392157,0.3333333333333333,11.58566514569694,7.401454564317371
real_world_dataset_2__obj034__l3__to__l2,full_image_white_patch,test,obj034,l3,l2,0.7649339510218596,0.5210605785946006,0.4641766609018155,0.807843137254902,0.5529411764705883,0.4117647058823529,12.079838486350441,7.916515612548008
real_world_dataset_2__obj035__l3__to__l2,full_image_white_patch,test,obj035,l3,l2,0.7531050754905938,0.4342171488288338,0.44248616272883345,0.796078431372549,0.44313725490196076,0.4,9.227185982225835,5.424779704786315
real_world_dataset_2__obj036__l3__to__l2,full_image_white_patch,test,obj036,l3,l2,0.14194650637519043,0.13894948762522683,0.1474953875762778,0.1568627450980392,0.12156862745098039,0.12549019607843137,4.493333582102549,5.170337364013832
real_world_dataset_2__obj041__l3__to__l2,full_image_white_patch,test,obj041,l3,l2,0.4021817680630396,0.14589696200648816,0.18653828428764546,0.35294117647058826,0.11372549019607843,0.12941176470588237,6.044353608174552,4.207269133905356
real_world_dataset_2__obj044__l3__to__l2,full_image_white_patch,test,obj044,l3,l2,0.5914437765632935,0.20495049424720957,0.23425738026820592,0.5647058823529412,0.1607843137254902,0.17647058823529413,6.041132029869746,3.7256140850553376
real_world_dataset_2__obj047__l3__to__l2,full_image_white_patch,test,obj047,l3,l2,0.7176184488967962,0.2813727124410843,0.3296955722293268,0.7411764705882353,0.2627450980392157,0.2784313725490196,8.676229483505752,4.042909045749214
real_world_dataset_2__obj049__l3__to__l2,full_image_white_patch,test,obj049,l3,l2,0.6545311127300448,0.4203222000663111,0.43380996345964057,0.7019607843137254,0.43529411764705883,0.3843137254901961,10.855865950318965,7.1869910583151775
real_world_dataset_2__obj058__l3__to__l2,full_image_white_patch,test,obj058,l3,l2,0.25234934466700526,0.1424232248158575,0.22124308136441673,0.23921568627450981,0.11372549019607843,0.16470588235294117,6.42355612077357,4.274977010602278
real_world_dataset_2__obj064__l3__to__l2,full_image_white_patch,test,obj064,l3,l2,0.5204705233756983,0.316110084347391,0.4121194652866586,0.5450980392156862,0.2901960784313726,0.33725490196078434,10.780519205727993,6.6405821577964215
real_world_dataset_2__obj077__l3__to__l2,full_image_white_patch,test,obj077,l3,l2,0.3864099340213518,0.1424232248158575,0.3123431736909412,0.3607843137254902,0.11372549019607843,0.2235294117647059,10.812046565980319,6.11175737698362
real_world_dataset_2__obj097__l3__to__l2,full_image_white_patch,test,obj097,l3,l2,0.1734901744585661,0.2501090777254083,0.47719095980560466,0.21176470588235294,0.2,0.34901960784313724,13.94493354587616,8.854705825493134
real_world_dataset_2__obj102__l3__to__l2,full_image_white_patch,test,obj102,l3,l2,0.0,0.34389998187243637,0.6593911444586537,0.011764705882352941,0.3215686274509804,0.5686274509803921,10.935969489575472,3.2094430884328515
real_world_dataset_2__obj110__l3__to__l2,full_image_white_patch,test,obj110,l3,l2,0.1932049670106759,0.12852827605333483,0.15183348721087422,0.18823529411764706,0.10980392156862745,0.12156862745098039,3.644469652884089,2.7690608693387126
real_world_dataset_2__obj113__l3__to__l2,full_image_white_patch,test,obj113,l3,l2,0.3114937223233346,0.13894948762522683,0.14315728794168142,0.27450980392156865,0.10980392156862745,0.11372549019607843,3.6236041889563033,2.464226211833381
real_world_dataset_2__obj136__l3__to__l2,full_image_white_patch,test,obj136,l3,l2,0.4849838967819007,0.3473737190630671,0.26028597807578435,0.5019607843137255,0.3215686274509804,0.20784313725490197,7.826038003681833,3.8809590473711464
real_world_dataset_2__obj139__l3__to__l2,full_image_white_patch,test,obj139,l3,l2,0.6190444861362473,0.44463836040072585,0.3817527678444837,0.6823529411764706,0.4745098039215686,0.3215686274509804,14.184281142560232,8.518962013087119
real_world_dataset_2__obj140__l3__to__l2,full_image_white_patch,test,obj140,l3,l2,0.7649339510218596,0.4029535141131578,0.39476706674827294,0.8235294117647058,0.41568627450980394,0.3411764705882353,12.222185505511433,6.599813188426251
real_world_dataset_2__obj141__l3__to__l2,full_image_white_patch,test,obj141,l3,l2,0.4455543116776811,0.48632320668829393,0.4468242623634298,0.5294117647058824,0.5529411764705883,0.41568627450980394,15.432164505805531,10.98503107215085
real_world_dataset_2__obj163__l3__to__l2,full_image_white_patch,test,obj163,l3,l2,0.1458894648856124,0.1424232248158575,0.18220018465304905,0.17647058823529413,0.13725490196078433,0.1607843137254902,5.245930867187441,5.341793571511958
real_world_dataset_2__obj175__l3__to__l2,full_image_white_patch,test,obj175,l3,l2,0.5007557308235885,0.44463836040072585,0.5379243546899544,0.592156862745098,0.4980392156862745,0.5294117647058824,11.611253471419655,9.192162690305869
real_world_dataset_2__obj181__l3__to__l2,full_image_white_patch,test,obj181,l3,l2,0.12223171382308066,0.1528444363877495,0.2516097788065915,0.1607843137254902,0.1450980392156863,0.20784313725490197,7.4848770970822205,5.9047851369238264
real_world_dataset_2__obj182__l3__to__l2,full_image_white_patch,test,obj182,l3,l2,0.21686271807320764,0.12158080167207348,0.22124308136441673,0.21568627450980393,0.11764705882352941,0.1843137254901961,5.791189346708179,3.542041938740199
real_world_dataset_2__obj193__l3__to__l2,full_image_white_patch,test,obj193,l3,l2,0.39035289253177374,0.44116462321009514,0.620348247747286,0.47843137254901963,0.4980392156862745,0.611764705882353,11.769278343238001,7.844643777275144
real_world_dataset_2__obj194__l3__to__l2,full_image_white_patch,test,obj194,l3,l2,0.634816320177935,0.37168987939748177,0.5856434506705148,0.7254901960784313,0.4117647058823529,0.592156862745098,9.274286127316246,6.619239049802509
real_world_dataset_2__obj195__l3__to__l2,full_image_white_patch,test,obj195,l3,l2,0.003942958510421957,0.3682161422068511,0.5379243546899544,0.11764705882352941,0.42745098039215684,0.5529411764705883,9.853612105670713,6.534950853764294
real_world_dataset_2__obj198__l3__to__l2,full_image_white_patch,test,obj198,l3,l2,0.09857396276054892,0.18063433391279488,0.33403367186392324,0.16470588235294117,0.1843137254901961,0.2823529411764706,10.09503024060622,5.874511140445581
real_world_dataset_2__obj199__l3__to__l2,full_image_white_patch,test,obj199,l3,l2,0.1104028382918148,0.17368685953153354,0.3123431736909412,0.16470588235294117,0.16470588235294117,0.2627450980392157,8.12109181314122,6.007929666914995
real_world_dataset_2__obj205__l3__to__l2,full_image_white_patch,test,obj205,l3,l2,0.0,0.34389998187243637,0.6724054433624429,0.07450980392156863,0.30196078431372547,0.5529411764705883,12.273571683724274,4.723083640910851
real_world_dataset_2__obj006__l3__to__l3,full_image_white_patch,test,obj006,l3,l3,0.2627450980392157,0.3254901960784314,0.1568627450980392,0.2627450980392157,0.3254901960784314,0.1568627450980392,0.0,0.0
real_world_dataset_2__obj014__l3__to__l3,full_image_white_patch,test,obj014,l3,l3,0.7372549019607844,0.34901960784313724,0.2235294117647059,0.7372549019607844,0.34901960784313724,0.2235294117647059,0.0,0.0
real_world_dataset_2__obj019__l3__to__l3,full_image_white_patch,test,obj019,l3,l3,0.1803921568627451,0.1411764705882353,0.12941176470588237,0.1803921568627451,0.1411764705882353,0.12941176470588237,0.0,0.0
real_world_dataset_2__obj022__l3__to__l3,full_image_white_patch,test,obj022,l3,l3,0.2784313725490196,0.16470588235294117,0.12941176470588237,0.2784313725490196,0.16470588235294117,0.12941176470588237,0.0,0.0
real_world_dataset_2__obj030__l3__to__l3,full_image_white_patch,test,obj030,l3,l3,0.4627450980392157,0.49019607843137253,0.3411764705882353,0.4627450980392157,0.49019607843137253,0.3411764705882353,0.0,0.0
real_world_dataset_2__obj034__l3__to__l3,full_image_white_patch,test,obj034,l3,l3,0.7607843137254902,0.5882352941176471,0.4196078431372549,0.7607843137254902,0.5882352941176471,0.4196078431372549,0.0,0.0
real_world_dataset_2__obj035__l3__to__l3,full_image_white_patch,test,obj035,l3,l3,0.7490196078431373,0.49019607843137253,0.4,0.7490196078431373,0.49019607843137253,0.4,0.0,0.0
real_world_dataset_2__obj036__l3__to__l3,full_image_white_patch,test,obj036,l3,l3,0.1411764705882353,0.1568627450980392,0.13333333333333333,0.1411764705882353,0.1568627450980392,0.13333333333333333,0.0,0.0
real_world_dataset_2__obj041__l3__to__l3,full_image_white_patch,test,obj041,l3,l3,0.4,0.16470588235294117,0.16862745098039217,0.4,0.16470588235294117,0.16862745098039217,0.0,0.0
real_world_dataset_2__obj044__l3__to__l3,full_image_white_patch,test,obj044,l3,l3,0.5882352941176471,0.23137254901960785,0.21176470588235294,0.5882352941176471,0.23137254901960785,0.21176470588235294,0.0,0.0
real_world_dataset_2__obj047__l3__to__l3,full_image_white_patch,test,obj047,l3,l3,0.7137254901960784,0.3176470588235294,0.2980392156862745,0.7137254901960784,0.3176470588235294,0.2980392156862745,0.0,0.0
real_world_dataset_2__obj049__l3__to__l3,full_image_white_patch,test,obj049,l3,l3,0.6509803921568628,0.4745098039215686,0.39215686274509803,0.6509803921568628,0.4745098039215686,0.39215686274509803,0.0,0.0
real_world_dataset_2__obj058__l3__to__l3,full_image_white_patch,test,obj058,l3,l3,0.25098039215686274,0.1607843137254902,0.2,0.25098039215686274,0.1607843137254902,0.2,0.0,0.0
real_world_dataset_2__obj064__l3__to__l3,full_image_white_patch,test,obj064,l3,l3,0.5176470588235295,0.3568627450980392,0.37254901960784315,0.5176470588235295,0.3568627450980392,0.37254901960784315,0.0,0.0
real_world_dataset_2__obj077__l3__to__l3,full_image_white_patch,test,obj077,l3,l3,0.3843137254901961,0.1607843137254902,0.2823529411764706,0.3843137254901961,0.1607843137254902,0.2823529411764706,0.0,0.0
real_world_dataset_2__obj097__l3__to__l3,full_image_white_patch,test,obj097,l3,l3,0.17254901960784313,0.2823529411764706,0.43137254901960786,0.17254901960784313,0.2823529411764706,0.43137254901960786,0.0,0.0
real_world_dataset_2__obj102__l3__to__l3,full_image_white_patch,test,obj102,l3,l3,0.0,0.38823529411764707,0.596078431372549,0.0,0.38823529411764707,0.596078431372549,0.0,0.0
real_world_dataset_2__obj110__l3__to__l3,full_image_white_patch,test,obj110,l3,l3,0.19215686274509805,0.1450980392156863,0.13725490196078433,0.19215686274509805,0.1450980392156863,0.13725490196078433,0.0,0.0
real_world_dataset_2__obj113__l3__to__l3,full_image_white_patch,test,obj113,l3,l3,0.30980392156862746,0.1568627450980392,0.12941176470588237,0.30980392156862746,0.1568627450980392,0.12941176470588237,0.0,0.0
real_world_dataset_2__obj136__l3__to__l3,full_image_white_patch,test,obj136,l3,l3,0.4823529411764706,0.39215686274509803,0.23529411764705882,0.4823529411764706,0.39215686274509803,0.23529411764705882,0.0,0.0
real_world_dataset_2__obj139__l3__to__l3,full_image_white_patch,test,obj139,l3,l3,0.615686274509804,0.5019607843137255,0.34509803921568627,0.615686274509804,0.5019607843137255,0.34509803921568627,0.0,0.0
real_world_dataset_2__obj140__l3__to__l3,full_image_white_patch,test,obj140,l3,l3,0.7607843137254902,0.4549019607843137,0.3568627450980392,0.7607843137254902,0.4549019607843137,0.3568627450980392,0.0,0.0
real_world_dataset_2__obj141__l3__to__l3,full_image_white_patch,test,obj141,l3,l3,0.44313725490196076,0.5490196078431373,0.403921568627451,0.44313725490196076,0.5490196078431373,0.403921568627451,0.0,0.0
real_world_dataset_2__obj163__l3__to__l3,full_image_white_patch,test,obj163,l3,l3,0.1450980392156863,0.1607843137254902,0.16470588235294117,0.1450980392156863,0.1607843137254902,0.16470588235294117,0.0,0.0
real_world_dataset_2__obj175__l3__to__l3,full_image_white_patch,test,obj175,l3,l3,0.4980392156862745,0.5019607843137255,0.48627450980392156,0.4980392156862745,0.5019607843137255,0.48627450980392156,0.0,0.0
real_world_dataset_2__obj181__l3__to__l3,full_image_white_patch,test,obj181,l3,l3,0.12156862745098039,0.17254901960784313,0.22745098039215686,0.12156862745098039,0.17254901960784313,0.22745098039215686,0.0,0.0
real_world_dataset_2__obj182__l3__to__l3,full_image_white_patch,test,obj182,l3,l3,0.21568627450980393,0.13725490196078433,0.2,0.21568627450980393,0.13725490196078433,0.2,0.0,0.0
real_world_dataset_2__obj193__l3__to__l3,full_image_white_patch,test,obj193,l3,l3,0.38823529411764707,0.4980392156862745,0.5607843137254902,0.38823529411764707,0.4980392156862745,0.5607843137254902,0.0,0.0
real_world_dataset_2__obj194__l3__to__l3,full_image_white_patch,test,obj194,l3,l3,0.6313725490196078,0.4196078431372549,0.5294117647058824,0.6313725490196078,0.4196078431372549,0.5294117647058824,0.0,0.0
real_world_dataset_2__obj195__l3__to__l3,full_image_white_patch,test,obj195,l3,l3,0.00392156862745098,0.41568627450980394,0.48627450980392156,0.00392156862745098,0.41568627450980394,0.48627450980392156,0.0,0.0
real_world_dataset_2__obj198__l3__to__l3,full_image_white_patch,test,obj198,l3,l3,0.09803921568627451,0.20392156862745098,0.30196078431372547,0.09803921568627451,0.20392156862745098,0.30196078431372547,0.0,0.0
real_world_dataset_2__obj199__l3__to__l3,full_image_white_patch,test,obj199,l3,l3,0.10980392156862745,0.19607843137254902,0.2823529411764706,0.10980392156862745,0.19607843137254902,0.2823529411764706,0.0,0.0
real_world_dataset_2__obj205__l3__to__l3,full_image_white_patch,test,obj205,l3,l3,0.0,0.38823529411764707,0.6078431372549019,0.0,0.38823529411764707,0.6078431372549019,0.0,0.0
real_world_dataset_2__obj006__l3__to__l4,full_image_white_patch,test,obj006,l3,l4,0.27644408255366154,0.32560295920290794,0.146451189948464,0.2980392156862745,0.3254901960784314,0.1568627450980392,3.0216269511786824,1.9853261839064156
real_world_dataset_2__obj014__l3__to__l4,full_image_white_patch,test,obj014,l3,l4,0.7756938435834085,0.34914052251878075,0.20869294567656121,0.7529411764705882,0.33725490196078434,0.18823529411764706,1.9818437088484626,1.7328364980120632
real_world_dataset_2__obj019__l3__to__l4,full_image_white_patch,test,obj019,l3,l4,0.18979742981296166,0.14122537989523717,0.12082223170748282,0.2196078431372549,0.16862745098039217,0.1450980392156863,3.36138640579538,2.2705545448878732
real_world_dataset_2__obj022__l3__to__l4,full_image_white_patch,test,obj022,l3,l4,0.29294820688522344,0.16476294321111,0.12082223170748282,0.3058823529411765,0.18823529411764706,0.1411764705882353,2.849048535904962,2.075364689766917
real_world_dataset_2__obj030__l3__to__l4,full_image_white_patch,test,obj030,l3,l4,0.48687166778107555,0.4903659024140179,0.31853133813790924,0.48627450980392156,0.4745098039215686,0.2823529411764706,3.824782653840484,2.4659956371410665
real_world_dataset_2__obj034__l3__to__l4,full_image_white_patch,test,obj034,l3,l4,0.8004500300807512,0.5884390828968216,0.3917569331121412,0.7686274509803922,0.5647058823529412,0.3411764705882353,4.459740484315179,2.9434836823057817
real_world_dataset_2__obj035__l3__to__l4,full_image_white_patch,test,obj035,l3,l4,0.7880719368320799,0.4903659024140179,0.3734505343685832,0.7568627450980392,0.4666666666666667,0.3215686274509804,4.738186274033923,3.418222525996082
real_world_dataset_2__obj036__l3__to__l4,full_image_white_patch,test,obj036,l3,l4,0.14853711898405694,0.15691708877248572,0.1244835114561944,0.1843137254901961,0.18823529411764706,0.16470588235294117,4.317784532683085,3.1636704128413005
real_world_dataset_2__obj041__l3__to__l4,full_image_white_patch,test,obj041,l3,l4,0.420855170454828,0.16476294321111,0.1574350291945988,0.43137254901960786,0.1843137254901961,0.17254901960784313,2.0756495643059014,1.322958894644218
real_world_dataset_2__obj044__l3__to__l4,full_image_white_patch,test,obj044,l3,l4,0.6189046624335707,0.23145270593941647,0.1977091064304264,0.6078431372549019,0.23529411764705882,0.1843137254901961,2.2982751420695413,1.4662498541513156
real_world_dataset_2__obj047__l3__to__l4,full_image_white_patch,test,obj047,l3,l4,0.7509376570860656,0.3177571047642836,0.27825726090208164,0.7294117647058823,0.3176470588235294,0.24705882352941178,4.1730632058105614,2.7387699131035785
real_world_dataset_2__obj049__l3__to__l4,full_image_white_patch,test,obj049,l3,l4,0.6849211597598182,0.4746741935367693,0.36612797487116,0.6745098039215687,0.47058823529411764,0.3215686274509804,5.64677977008583,3.7630623266150045
real_world_dataset_2__obj058__l3__to__l4,full_image_white_patch,test,obj058,l3,l4,0.26406598930499015,0.1608400159917979,0.1867252671842916,0.2980392156862745,0.18823529411764706,0.20784313725490197,3.5469791594772206,2.5096090744509727
real_world_dataset_2__obj064__l3__to__l4,full_image_white_patch,test,obj064,l3,l4,0.5446361029415422,0.35698637695740504,0.347821576127602,0.5411764705882353,0.35294117647058826,0.3176470588235294,3.999722146670243,2.9928081126458848
real_world_dataset_2__obj077__l3__to__l4,full_image_white_patch,test,obj077,l3,l4,0.40435104612326617,0.1608400159917979,0.2636121419072352,0.4392156862745098,0.18823529411764706,0.2823529411764706,3.4378123588063225,2.498505379456957
real_world_dataset_2__obj097__l3__to__l4,full_image_white_patch,test,obj097,l3,l4,0.1815453676471807,0.28245075979047435,0.40274077235827604,0.22745098039215686,0.29411764705882354,0.4196078431372549,3.3265025607572984,3.2738642780922103
real_world_dataset_2__obj102__l3__to__l4,full_image_white_patch,test,obj102,l3,l4,0.0,0.3883697947119022,0.5565145218041633,0.0,0.3686274509803922,0.5294117647058824,2.2708750280577594,1.767111491495728
real_world_dataset_2__obj110__l3__to__l4,full_image_white_patch,test,obj110,l3,l4,0.20217552306163308,0.14514830711454932,0.12814479120490602,0.23921568627450981,0.1803921568627451,0.16862745098039217,4.382309689280688,3.040815300746307
real_world_dataset_2__obj113__l3__to__l4,full_image_white_patch,test,obj113,l3,l4,0.3259564555483472,0.15691708877248572,0.12082223170748282,0.3568627450980392,0.19215686274509805,0.1607843137254902,4.172462656194221,2.863165712079246
real_world_dataset_2__obj136__l3__to__l4,full_image_white_patch,test,obj136,l3,l4,0.507501823195528,0.39229272193121434,0.21967678492269602,0.5137254901960784,0.403921568627451,0.23529411764705882,1.524646633705269,1.1485248655326956
real_world_dataset_2__obj139__l3__to__l4,full_image_white_patch,test,obj139,l3,l4,0.6477868800138039,0.5021346840719544,0.3221926178866208,0.6549019607843137,0.5058823529411764,0.30196078431372547,3.33208105344152,1.555459674561821
real_world_dataset_2__obj140__l3__to__l4,full_image_white_patch,test,obj140,l3,l4,0.8004500300807512,0.45505955744020865,0.3331764571327556,0.8,0.4627450980392157,0.30980392156862746,3.9919409047583385,2.553030918444512
real_world_dataset_2__obj141__l3__to__l4,full_image_white_patch,test,obj141,l3,l4,0.46624151236662315,0.5492098107037001,0.37711181411729483,0.4823529411764706,0.5490196078431373,0.3568627450980392,3.3117780970975046,1.9799345562032757
real_world_dataset_2__obj163__l3__to__l4,full_image_white_patch,test,obj163,l3,l4,0.15266315006694742,0.1608400159917979,0.1537737494458872,0.20784313725490197,0.20392156862745098,0.21176470588235294,6.30206982531998,5.344706932511257
real_world_dataset_2__obj175__l3__to__l4,full_image_white_patch,test,obj175,l3,l4,0.5240059475270897,0.5021346840719544,0.4539986888402384,0.5372549019607843,0.5137254901960784,0.47058823529411764,1.4446925383146365,1.3843750495758977
real_world_dataset_2__obj181__l3__to__l4,full_image_white_patch,test,obj181,l3,l4,0.1279069635696046,0.1726087976497343,0.2123542254252728,0.17647058823529413,0.20784313725490197,0.27058823529411763,6.247635951266633,5.420415415673691
real_world_dataset_2__obj182__l3__to__l4,full_image_white_patch,test,obj182,l3,l4,0.2269317095589759,0.13730245267592503,0.1867252671842916,0.25882352941176473,0.17254901960784313,0.24313725490196078,5.524703340652988,3.7596240242738093
real_world_dataset_2__obj193__l3__to__l4,full_image_white_patch,test,obj193,l3,l4,0.4084770772061566,0.49821175685264224,0.5235630040657588,0.4117647058823529,0.5058823529411764,0.5450980392156862,2.213112592212672,1.8616636451936344
real_world_dataset_2__obj194__l3__to__l4,full_image_white_patch,test,obj194,l3,l4,0.6642910043453658,0.41975321246639935,0.494272766076066,0.6627450980392157,0.43137254901960786,0.5019607843137255,1.6763644202718688,0.9978611946480036
real_world_dataset_2__obj195__l3__to__l4,full_image_white_patch,test,obj195,l3,l4,0.004126031082890471,0.4158302852470872,0.4539986888402384,0.050980392156862744,0.41568627450980394,0.47058823529411764,3.155301035435852,2.197121099963943
real_world_dataset_2__obj198__l3__to__l4,full_image_white_patch,test,obj198,l3,l4,0.10315077707226177,0.20399221540423146,0.2819185406507932,0.16470588235294117,0.24705882352941178,0.3411764705882353,6.036612185815462,4.673439603953033
real_world_dataset_2__obj199__l3__to__l4,full_image_white_patch,test,obj199,l3,l4,0.11552887032093317,0.19614636096560717,0.2636121419072352,0.16862745098039217,0.23529411764705882,0.3254901960784314,6.313668631337913,5.004811562016244
real_world_dataset_2__obj205__l3__to__l4,full_image_white_patch,test,obj205,l3,l4,0.0,0.3883697947119022,0.5674983610502979,0.0,0.41568627450980394,0.6549019607843137,9.776860299593173,4.048555339109348
real_world_dataset_2__obj006__l4__to__l0,full_image_white_patch,test,obj006,l4,l0,0.27326667754693884,0.32445452540732667,0.17532841287011958,0.2,0.3176470588235294,0.1843137254901961,7.865328532078768,5.685176471282619
real_world_dataset_2__obj014__l4__to__l0,full_image_white_patch,test,obj014,l4,l0,0.6903579222238455,0.33618179741000115,0.21039409544414348,0.6745098039215687,0.3058823529411765,0.2627450980392157,10.920822487170348,7.005308892542333
real_world_dataset_2__obj019__l4__to__l0,full_image_white_patch,test,obj019,l4,l0,0.20135439398195495,0.16809089870500057,0.16217878190486062,0.12549019607843137,0.11764705882352941,0.13725490196078433,8.733772242360672,6.823567699992518
real_world_dataset_2__obj022__l4__to__l0,full_image_white_patch,test,obj022,l4,l0,0.2804579059034373,0.18763635204279133,0.1577955715831076,0.20392156862745098,0.13725490196078433,0.13725490196078433,9.028537350718725,6.480520767299214
real_world_dataset_2__obj030__l4__to__l0,full_image_white_patch,test,obj030,l4,l0,0.44585615810290025,0.4729999707745365,0.3155911431662152,0.3843137254901961,0.4980392156862745,0.38823529411764707,11.470388773845045,8.449003724780168
real_world_dataset_2__obj034__l4__to__l0,full_image_white_patch,test,obj034,l4,l0,0.7047403789368424,0.5629090561283739,0.3813392979925101,0.6980392156862745,0.5725490196078431,0.47058823529411764,11.487762422120397,6.2356260103539585
real_world_dataset_2__obj035__l4__to__l0,full_image_white_patch,test,obj035,l4,l0,0.6939535364020947,0.4651817894394202,0.3594232463837452,0.6901960784313725,0.47058823529411764,0.4588235294117647,13.717919884194963,9.561167262220653
real_world_dataset_2__obj036__l4__to__l0,full_image_white_patch,test,obj036,l4,l0,0.1689938663777122,0.18763635204279133,0.18409483351362554,0.10980392156862745,0.1411764705882353,0.15294117647058825,6.522564399003121,4.764166627501304
real_world_dataset_2__obj041__l4__to__l0,full_image_white_patch,test,obj041,l4,l0,0.39551755960741153,0.18372726137523318,0.19286125415713154,0.3058823529411765,0.12549019607843137,0.17647058823529413,10.963783038497352,7.471395800759552
real_world_dataset_2__obj044__l4__to__l0,full_image_white_patch,test,obj044,l4,l0,0.5573201976286253,0.23454544005348915,0.20601088512239052,0.49019607843137253,0.17254901960784313,0.2235294117647059,12.740939431690563,8.648931601458111
real_world_dataset_2__obj047__l4__to__l0,full_image_white_patch,test,obj047,l4,l0,0.6687842371543503,0.31663634407221036,0.2761422502704383,0.6313725490196078,0.2627450980392157,0.33725490196078434,16.21230113865956,10.553346726026831
real_world_dataset_2__obj049__l4__to__l0,full_image_white_patch,test,obj049,l4,l0,0.6184456386588617,0.4690908801069783,0.3594232463837452,0.5882352941176471,0.4549019607843137,0.4470588235294118,15.064352569574769,11.314919220521764
real_world_dataset_2__obj058__l4__to__l0,full_image_white_patch,test,obj058,l4,l0,0.27326667754693884,0.18763635204279133,0.23231014705290845,0.19607843137254902,0.13725490196078433,0.2235294117647059,10.376350567235129,7.150206974041377
real_world_dataset_2__obj064__l4__to__l0,full_image_white_patch,test,obj064,l4,l0,0.49619475659838896,0.35181816008023375,0.35504003606199214,0.4470588235294118,0.3333333333333333,0.42745098039215684,14.812705311639911,10.105015617471828
real_world_dataset_2__obj077__l4__to__l0,full_image_white_patch,test,obj077,l4,l0,0.4027087879639099,0.18763635204279133,0.3155911431662152,0.30980392156862746,0.12156862745098039,0.2980392156862745,11.737013779999936,7.443403152244535
real_world_dataset_2__obj097__l4__to__l0,full_image_white_patch,test,obj097,l4,l0,0.20854562233845333,0.29318180006686145,0.4690035044275699,0.11372549019607843,0.25098039215686274,0.47058823529411764,9.151024805492472,4.392911339338666
real_world_dataset_2__obj102__l4__to__l0,full_image_white_patch,test,obj102,l4,l0,0.0,0.36745452275046636,0.5917333934366535,0.00392156862745098,0.3843137254901961,0.6588235294117647,8.100418676482686,2.6002488934317993
real_world_dataset_2__obj110__l4__to__l0,full_image_white_patch,test,obj110,l4,l0,0.21933246487320093,0.17981817070767503,0.18847804383537856,0.1568627450980392,0.13333333333333333,0.14901960784313725,6.424446915537255,4.619773937389118
real_world_dataset_2__obj113__l4__to__l0,full_image_white_patch,test,obj113,l4,l0,0.3272008902206768,0.1915454427103495,0.1797116231918726,0.24313725490196078,0.1411764705882353,0.14901960784313725,8.731296849260277,6.021157758509721
real_world_dataset_2__obj136__l4__to__l0,full_image_white_patch,test,obj136,l4,l0,0.47102545735064455,0.40263633875848975,0.26299261930517936,0.42745098039215684,0.38823529411764707,0.2901960784313726,7.497890220988998,4.60906882305019
real_world_dataset_2__obj139__l4__to__l0,full_image_white_patch,test,obj139,l4,l0,0.6004675677676157,0.5042726961150017,0.33750719477498015,0.592156862745098,0.5254901960784314,0.40784313725490196,8.340734327422453,4.3958391742203125
real_world_dataset_2__obj140__l4__to__l0,full_image_white_patch,test,obj140,l4,l0,0.7335052923628359,0.46127269877186206,0.34627361541848617,0.7411764705882353,0.4470588235294118,0.4196078431372549,11.90165119711096,8.420512358778632
real_world_dataset_2__obj141__l4__to__l0,full_image_white_patch,test,obj141,l4,l0,0.44226054392465103,0.5472726934581414,0.39887213927952203,0.38823529411764707,0.6,0.49411764705882355,11.72529215089488,8.192583800727583
real_world_dataset_2__obj163__l4__to__l0,full_image_white_patch,test,obj163,l4,l0,0.19056755144720738,0.20327271471302394,0.2366933573746614,0.12549019607843137,0.15294117647058825,0.1843137254901961,6.543012857441859,4.856586919021342
real_world_dataset_2__obj175__l4__to__l0,full_image_white_patch,test,obj175,l4,l0,0.49259914242013975,0.5120908774501179,0.5259852386103587,0.43529411764705883,0.5058823529411764,0.5647058823529412,8.04406737846273,6.3591987973082835
real_world_dataset_2__obj181__l4__to__l0,full_image_white_patch,test,obj181,l4,l0,0.1618026380212138,0.20718180538058212,0.3024415122009562,0.11372549019607843,0.16470588235294117,0.23921568627450981,6.2267842887504345,4.415550860622806
real_world_dataset_2__obj182__l4__to__l0,full_image_white_patch,test,obj182,l4,l0,0.2373105357644469,0.17199998937255873,0.27175903994868533,0.17647058823529413,0.13725490196078433,0.21568627450980393,6.592528480624973,4.606144464449966
real_world_dataset_2__obj193__l4__to__l0,full_image_white_patch,test,obj193,l4,l0,0.3775394887161655,0.5042726961150017,0.6092662347236655,0.2823529411764706,0.47843137254901963,0.6078431372549019,6.499807213289226,4.651166861866321
real_world_dataset_2__obj194__l4__to__l0,full_image_white_patch,test,obj194,l4,l0,0.607658796124114,0.42999997343139684,0.5610509211843826,0.5725490196078431,0.3803921568627451,0.5725490196078431,9.93127481049989,5.891094968403193
real_world_dataset_2__obj195__l4__to__l0,full_image_white_patch,test,obj195,l4,l0,0.04674298431723954,0.41436361076116424,0.5259852386103587,0.00392156862745098,0.4196078431372549,0.5450980392156862,2.2133786249773726,1.1952520693699529
real_world_dataset_2__obj198__l4__to__l0,full_image_white_patch,test,obj198,l4,l0,0.1510157954864662,0.24627271205616363,0.3813392979925101,0.10980392156862745,0.20392156862745098,0.3215686274509804,5.474242418992053,3.713276141930674
real_world_dataset_2__obj199__l4__to__l0,full_image_white_patch,test,obj199,l4,l0,0.15461140966471543,0.23454544005348915,0.3638064567054981,0.11372549019607843,0.18823529411764706,0.30196078431372547,5.72977337071946,3.9399027100276482
real_world_dataset_2__obj205__l4__to__l0,full_image_white_patch,test,obj205,l4,l0,0.0,0.41436361076116424,0.7319961237327492,0.00392156862745098,0.33725490196078434,0.6235294117647059,8.776486024255616,7.2276737489216405
real_world_dataset_2__obj006__l4__to__l1,full_image_white_patch,test,obj006,l4,l1,0.2940156894320277,0.32904206201563163,0.15787244073802545,0.25882352941176473,0.3254901960784314,0.1803921568627451,5.4782016283673585,3.7563537641547495
real_world_dataset_2__obj014__l4__to__l1,full_image_white_patch,test,obj014,l4,l1,0.7427764785651227,0.3409351485945099,0.18944692888563056,0.7490196078431373,0.32941176470588235,0.21568627450980393,4.466020210377014,2.796255764500425
real_world_dataset_2__obj019__l4__to__l1,full_image_white_patch,test,obj019,l4,l1,0.21664313958149412,0.17046757429725495,0.14603200768267358,0.14901960784313725,0.12941176470588237,0.11764705882352941,6.998069203902912,5.4106301072958365
real_world_dataset_2__obj022__l4__to__l1,full_image_white_patch,test,obj022,l4,l1,0.3017529444170811,0.19028938526205202,0.14208519666422292,0.23529411764705882,0.15294117647058825,0.13333333333333333,8.115745780610228,5.4842195249992
real_world_dataset_2__obj030__l4__to__l1,full_image_white_patch,test,obj030,l4,l1,0.4797098090733084,0.47968782534808946,0.28417039332844585,0.4823529411764706,0.5137254901960784,0.34509803921568627,6.2376283344331025,4.5749519373928305
real_world_dataset_2__obj034__l4__to__l1,full_image_white_patch,test,obj034,l4,l1,0.7582509885352294,0.570868155786156,0.3433725586052054,0.7607843137254902,0.5843137254901961,0.3686274509803922,2.566787075812008,1.2435609289210843
real_world_dataset_2__obj035__l4__to__l1,full_image_white_patch,test,obj035,l4,l1,0.7466451060576493,0.47175910096217066,0.3236385035129522,0.7490196078431373,0.4745098039215686,0.3411764705882353,2.104366424432506,1.2202866780773196
real_world_dataset_2__obj036__l4__to__l1,full_image_white_patch,test,obj036,l4,l1,0.18182549214875401,0.19028938526205202,0.16576606277492673,0.12549019607843137,0.1411764705882353,0.13725490196078433,6.9629875478917205,5.161771710466626
real_world_dataset_2__obj041__l4__to__l1,full_image_white_patch,test,obj041,l4,l1,0.4255490241779349,0.18632502306909263,0.173659684811828,0.3411764705882353,0.14901960784313725,0.1568627450980392,9.08009546670573,5.6104541450091
real_world_dataset_2__obj044__l4__to__l1,full_image_white_patch,test,obj044,l4,l1,0.5996372613416354,0.23786173157756502,0.18550011786717993,0.5450980392156862,0.20392156862745098,0.2,8.691824362956,5.433994164609766
real_world_dataset_2__obj047__l4__to__l1,full_image_white_patch,test,obj047,l4,l1,0.7195647136099625,0.3211133376297128,0.24864909416239012,0.7058823529411765,0.3058823529411765,0.2823529411764706,6.812366442023754,4.183982053659094
real_world_dataset_2__obj049__l4__to__l1,full_image_white_patch,test,obj049,l4,l1,0.6654039287145891,0.47572346315513003,0.3236385035129522,0.6627450980392157,0.47843137254901963,0.3607843137254902,5.018485079828068,2.813718621271728
real_world_dataset_2__obj058__l4__to__l1,full_image_white_patch,test,obj058,l4,l1,0.2940156894320277,0.19028938526205202,0.20918098397788376,0.21568627450980393,0.14901960784313725,0.18823529411764706,8.359182598056853,6.147702358371444
real_world_dataset_2__obj064__l4__to__l1,full_image_white_patch,test,obj064,l4,l1,0.5338705939686819,0.35679259736634755,0.3196916924945015,0.5098039215686274,0.34509803921568627,0.35294117647058826,7.242546065910781,5.293449128520756
real_world_dataset_2__obj077__l4__to__l1,full_image_white_patch,test,obj077,l4,l1,0.43328627916298823,0.19028938526205202,0.28417039332844585,0.33725490196078434,0.1450980392156863,0.24705882352941178,9.06262265130974,6.045649740805179
real_world_dataset_2__obj097__l4__to__l1,full_image_white_patch,test,obj097,l4,l1,0.2243803945665475,0.2973271644719563,0.42230877897421815,0.1607843137254902,0.24705882352941178,0.38823529411764707,6.43441992753879,4.454193276008007
real_world_dataset_2__obj102__l4__to__l1,full_image_white_patch,test,obj102,l4,l1,0.0,0.37265004613818525,0.532819487490836,0.0,0.35294117647058826,0.5529411764705883,7.508391113662158,3.518042731004535
real_world_dataset_2__obj110__l4__to__l1,full_image_white_patch,test,obj110,l4,l1,0.23598627704412753,0.1823606608761332,0.16971287379337738,0.16470588235294117,0.13333333333333333,0.12549019607843137,7.097535345675299,5.204562446608825
real_world_dataset_2__obj113__l4__to__l1,full_image_white_patch,test,obj113,l4,l1,0.35204510181992793,0.19425374745501145,0.1618192517564761,0.26666666666666666,0.1411764705882353,0.12941176470588237,8.761250136631467,5.886282251393957
real_world_dataset_2__obj136__l4__to__l1,full_image_white_patch,test,obj136,l4,l1,0.5067902015209951,0.40832930587481997,0.2368086611070382,0.4745098039215686,0.396078431372549,0.23529411764705882,3.4003953737889447,2.4778542616370656
real_world_dataset_2__obj139__l4__to__l1,full_image_white_patch,test,obj139,l4,l1,0.6460607912519557,0.5114027228917648,0.303904448420699,0.6470588235294118,0.5294117647058824,0.3411764705882353,3.987821783131163,2.0812111266746216
real_world_dataset_2__obj140__l4__to__l1,full_image_white_patch,test,obj140,l4,l1,0.7892000084754429,0.46779473876921124,0.31179807045760033,0.792156862745098,0.4627450980392157,0.3333333333333333,3.427053776055756,2.2164448930699563
real_world_dataset_2__obj141__l4__to__l1,full_image_white_patch,test,obj141,l4,l1,0.47584118158078176,0.5550107070143184,0.35915980267900793,0.47058823529411764,0.596078431372549,0.40784313725490196,5.8071146522812604,4.321334952096195
real_world_dataset_2__obj163__l4__to__l1,full_image_white_patch,test,obj163,l4,l1,0.2050372571039141,0.2061468340338897,0.21312779499633439,0.1450980392156863,0.14901960784313725,0.1607843137254902,6.897667426840362,4.74398277968419
real_world_dataset_2__obj175__l4__to__l1,full_image_white_patch,test,obj175,l4,l1,0.5300019664761553,0.5193314472776837,0.4736173222140764,0.5254901960784314,0.5450980392156862,0.5215686274509804,4.938185278123621,4.78565892686987
real_world_dataset_2__obj181__l4__to__l1,full_image_white_patch,test,obj181,l4,l1,0.17408823716370064,0.21011119622684912,0.2723299602730939,0.12156862745098039,0.1568627450980392,0.2,7.12764386603716,5.080928809538615
real_world_dataset_2__obj182__l4__to__l1,full_image_white_patch,test,obj182,l4,l1,0.25532941450676094,0.17443193649021435,0.24470228314393946,0.1803921568627451,0.12549019607843137,0.1803921568627451,7.605687526481095,5.340260723104959
real_world_dataset_2__obj193__l4__to__l1,full_image_white_patch,test,obj193,l4,l1,0.40620588671530145,0.5114027228917648,0.5486067315646385,0.38823529411764707,0.5333333333333333,0.592156862745098,4.589841740440552,3.2445420365707904
real_world_dataset_2__obj194__l4__to__l1,full_image_white_patch,test,obj194,l4,l1,0.653798046237009,0.4360798412255359,0.5051918103616815,0.6627450980392157,0.4392156862745098,0.5372549019607843,4.163402142409132,2.5165975652361765
real_world_dataset_2__obj195__l4__to__l1,full_image_white_patch,test,obj195,l4,l1,0.05029215740284685,0.42022239245369825,0.4736173222140764,0.03137254901960784,0.42745098039215684,0.5019607843137255,3.4366863955425666,2.295053866163252
real_world_dataset_2__obj198__l4__to__l1,full_image_white_patch,test,obj198,l4,l1,0.1624823546861206,0.2497548181564433,0.3433725586052054,0.11764705882352941,0.18823529411764706,0.27058823529411763,7.1102872769096575,5.098749260153789
real_world_dataset_2__obj199__l4__to__l1,full_image_white_patch,test,obj199,l4,l1,0.16635098217864727,0.23786173157756502,0.3275853145314028,0.11372549019607843,0.1803921568627451,0.2549019607843137,7.0025204585381795,4.88274594627299
real_world_dataset_2__obj205__l4__to__l1,full_image_white_patch,test,obj205,l4,l1,0.0,0.42022239245369825,0.6591174400812563,0.00392156862745098,0.34901960784313724,0.592156862745098,8.053673168440294,6.60033781123881
real_world_dataset_2__obj006__l4__to__l2,full_image_white_patch,test,obj006,l4,l2,0.2848151742731011,0.2882203355028266,0.185860208423313,0.27450980392156865,0.25098039215686274,0.13725490196078433,5.529634447866319,4.807380711562412
real_world_dataset_2__obj014__l4__to__l2,full_image_white_patch,test,obj014,l4,l2,0.7195330718478343,0.29863793799088056,0.2230322501079756,0.788235294117647,0.2980392156862745,0.21568627450980393,8.615686948562255,3.6232640994334897
real_world_dataset_2__obj019__l4__to__l2,full_image_white_patch,test,obj019,l4,l2,0.209863812622285,0.14931896899544028,0.17192069279156455,0.16470588235294117,0.10196078431372549,0.10980392156862745,6.443081605587644,4.406287128663886
real_world_dataset_2__obj022__l4__to__l2,full_image_white_patch,test,obj022,l4,l2,0.29231031043818273,0.16668163980886355,0.1672741875809817,0.25098039215686274,0.11764705882352941,0.11372549019607843,5.826649704693174,3.9323538321003966
real_world_dataset_2__obj030__l4__to__l2,full_image_white_patch,test,obj030,l4,l2,0.4646984422350597,0.42017663368484354,0.3345483751619634,0.5215686274509804,0.4627450980392157,0.3333333333333333,7.837592567480015,5.721764059100073
real_world_dataset_2__obj034__l4__to__l2,full_image_white_patch,test,obj034,l4,l2,0.7345233441779977,0.5000449194265907,0.4042459533207058,0.807843137254902,0.5529411764705883,0.4117647058823529,8.488875603226521,5.880031797709193
real_world_dataset_2__obj035__l4__to__l2,full_image_white_patch,test,obj035,l4,l2,0.7232806399303752,0.41323156535947425,0.3810134272677917,0.796078431372549,0.44313725490196076,0.4,6.5262273569676434,4.441024867951848
real_world_dataset_2__obj036__l4__to__l2,full_image_white_patch,test,obj036,l4,l2,0.1761356998794178,0.16668163980886355,0.19515321884447864,0.1568627450980392,0.12156862745098039,0.12549019607843137,7.4322301148058125,6.0724850340380385
real_world_dataset_2__obj041__l4__to__l2,full_image_white_patch,test,obj041,l4,l2,0.41223248907948845,0.1632091056461789,0.2044462292656443,0.35294117647058826,0.11372549019607843,0.12941176470588237,7.5399767601045005,5.294610909803019
real_world_dataset_2__obj044__l4__to__l2,full_image_white_patch,test,obj044,l4,l2,0.5808730527938246,0.20835204976107946,0.2183857448973928,0.5647058823529412,0.1607843137254902,0.17647058823529413,5.185673682443037,2.8239150664996133
real_world_dataset_2__obj047__l4__to__l2,full_image_white_patch,test,obj047,l4,l2,0.6970476633525895,0.28127526717745727,0.292729828266718,0.7411764705882353,0.2627450980392157,0.2784313725490196,7.078934946697301,2.384494155344468
real_world_dataset_2__obj049__l4__to__l2,full_image_white_patch,test,obj049,l4,l2,0.6445817101970184,0.4167040995221589,0.3810134272677917,0.7019607843137254,0.43529411764705883,0.3843137254901961,5.931804675333075,3.763275878231046
real_world_dataset_2__obj058__l4__to__l2,full_image_white_patch,test,obj058,l4,l2,0.2848151742731011,0.16668163980886355,0.24626477616088974,0.23921568627450981,0.11372549019607843,0.16470588235294117,8.042605571493967,5.392297420926642
real_world_dataset_2__obj064__l4__to__l2,full_image_white_patch,test,obj064,l4,l2,0.517164395390631,0.3125280746416192,0.3763669220572088,0.5450980392156862,0.2901960784313726,0.33725490196078434,7.176174242984251,4.043089609360618
real_world_dataset_2__obj077__l4__to__l2,full_image_white_patch,test,obj077,l4,l2,0.41972762524457,0.16668163980886355,0.3345483751619634,0.3607843137254902,0.11372549019607843,0.2235294117647059,11.52020669349367,6.927136646752836
real_world_dataset_2__obj097__l4__to__l2,full_image_white_patch,test,obj097,l4,l2,0.21735894878736664,0.26044006220134935,0.49717605753236227,0.21176470588235294,0.2,0.34901960784313724,15.150502270764324,8.703353470485773
real_world_dataset_2__obj102__l4__to__l2,full_image_white_patch,test,obj102,l4,l2,0.0,0.3264182112923578,0.6272782034286813,0.011764705882352941,0.3215686274509804,0.5686274509803921,8.799342448177471,2.0113553426838666
real_world_dataset_2__obj110__l4__to__l2,full_image_white_patch,test,obj110,l4,l2,0.22860165303498906,0.15973657148349424,0.1997997240550615,0.18823529411764706,0.10980392156862745,0.12156862745098039,8.004839307804353,5.684099109994937
real_world_dataset_2__obj113__l4__to__l2,full_image_white_patch,test,obj113,l4,l2,0.3410286955112132,0.17015417397154822,0.19050671363389585,0.27450980392156865,0.10980392156862745,0.11372549019607843,7.829815899810361,5.451045417590221
real_world_dataset_2__obj136__l4__to__l2,full_image_white_patch,test,obj136,l4,l2,0.4909314188128453,0.35767101875651974,0.2787903126349695,0.5019607843137255,0.3215686274509804,0.20784313725490197,9.44176440227008,4.8701510912743124
real_world_dataset_2__obj139__l4__to__l2,full_image_white_patch,test,obj139,l4,l2,0.6258438697843143,0.4479569069863208,0.3577809012148775,0.6823529411764706,0.4745098039215686,0.3215686274509804,10.346783802664953,5.937613794505135
real_world_dataset_2__obj140__l4__to__l2,full_image_white_patch,test,obj140,l4,l2,0.7645038888383241,0.40975903119678964,0.3670739116360432,0.8235294117647058,0.41568627450980394,0.3411764705882353,8.800224975644829,4.045809116837602
real_world_dataset_2__obj141__l4__to__l2,full_image_white_patch,test,obj141,l4,l2,0.4609508741525189,0.4861547827758521,0.4228319741630371,0.5294117647058824,0.5529411764705883,0.41568627450980394,12.135284955394203,8.764294015715972
real_world_dataset_2__obj163__l4__to__l2,full_image_white_patch,test,obj163,l4,l2,0.19862110837466262,0.18057177645960218,0.25091128137147256,0.17647058823529413,0.13725490196078433,0.1607843137254902,9.777018719132379,7.238193888617783
real_world_dataset_2__obj175__l4__to__l2,full_image_white_patch,test,obj175,l4,l2,0.5134168273080901,0.4549019753116901,0.557580625269939,0.592156862745098,0.4980392156862745,0.5294117647058824,12.138021678220943,9.055565876639175
real_world_dataset_2__obj181__l4__to__l2,full_image_white_patch,test,obj181,l4,l2,0.1686405637143362,0.18404431062228685,0.3206088595302149,0.1607843137254902,0.1450980392156863,0.20784313725490197,13.374780455103018,8.216722966381885
real_world_dataset_2__obj182__l4__to__l2,full_image_white_patch,test,obj182,l4,l2,0.2473394934476931,0.15279150315812492,0.28808332305613515,0.21568627450980393,0.11764705882352941,0.1843137254901961,12.387246317694315,7.402194691734064
real_world_dataset_2__obj193__l4__to__l2,full_image_white_patch,test,obj193,l4,l2,0.3934946486667844,0.4479569069863208,0.6458642242710126,0.47843137254901963,0.4980392156862745,0.611764705882353,13.877923662684635,8.0986948887057
real_world_dataset_2__obj194__l4__to__l2,full_image_white_patch,test,obj194,l4,l2,0.6333390059493959,0.3819787578953123,0.5947526669546016,0.7254901960784313,0.4117647058823529,0.592156862745098,9.673514512178127,6.482863685505732
real_world_dataset_2__obj195__l4__to__l2,full_image_white_patch,test,obj195,l4,l2,0.04871838507303045,0.3680886212445737,0.557580625269939,0.11764705882352941,0.42745098039215684,0.5529411764705883,12.832650827049612,7.573248054160399
real_world_dataset_2__obj198__l4__to__l2,full_image_white_patch,test,obj198,l4,l2,0.15739785946671378,0.21876965224913344,0.4042459533207058,0.16470588235294117,0.1843137254901961,0.2823529411764706,14.91644161567879,7.547255058595519
real_world_dataset_2__obj199__l4__to__l2,full_image_white_patch,test,obj199,l4,l2,0.1611454275492546,0.20835204976107946,0.3856599324783745,0.16470588235294117,0.16470588235294117,0.2627450980392157,13.986631101170484,8.001129236177839
real_world_dataset_2__obj205__l4__to__l2,full_image_white_patch,test,obj205,l4,l2,0.0,0.3680886212445737,0.7759663701673317,0.07450980392156863,0.30196078431372547,0.5529411764705883,24.34941474822899,8.304804333431942
real_world_dataset_2__obj006__l4__to__l3,full_image_white_patch,test,obj006,l4,l3,0.28327010012891285,0.3253774720061867,0.16801448187857823,0.2627450980392157,0.3254901960784314,0.1568627450980392,2.954119039547671,1.8353987516110046
real_world_dataset_2__obj014__l4__to__l3,full_image_white_patch,test,obj014,l4,l3,0.7156297266414641,0.33713810352448265,0.20161737825429388,0.7372549019607844,0.34901960784313724,0.2235294117647059,2.0730419881799516,1.7714590665503696
real_world_dataset_2__obj019__l4__to__l3,full_image_white_patch,test,obj019,l4,l3,0.2087253369370937,0.16856905176224132,0.1554133957376849,0.1803921568627451,0.1411764705882353,0.12941176470588237,3.3114032563728877,2.223812236255295
real_world_dataset_2__obj022__l4__to__l3,full_image_white_patch,test,obj022,l4,l3,0.2907245764480948,0.18817010429273448,0.15121303369072042,0.2784313725490196,0.16470588235294117,0.12941176470588237,2.906603112925895,2.1329643661762048
real_world_dataset_2__obj030__l4__to__l3,full_image_white_patch,test,obj030,l4,l3,0.4621775317892789,0.4743454712379348,0.30242606738144084,0.4627450980392157,0.49019607843137253,0.3411764705882353,4.10876898428068,2.7048851949243096
real_world_dataset_2__obj034__l4__to__l3,full_image_white_patch,test,obj034,l4,l3,0.730538679279828,0.5645103128782034,0.3654314980859077,0.7607843137254902,0.5882352941176471,0.4196078431372549,4.931112604188981,3.2194733228508303
real_world_dataset_2__obj035__l4__to__l3,full_image_white_patch,test,obj035,l4,l3,0.719356964801055,0.46650505022573757,0.3444296878510854,0.7490196078431373,0.49019607843137253,0.4,5.237648200735763,3.841664405053899
real_world_dataset_2__obj036__l4__to__l3,full_image_white_patch,test,obj036,l4,l3,0.17518019350077507,0.18817010429273448,0.17641520597250715,0.1411764705882353,0.1568627450980392,0.13333333333333333,4.493622055893429,3.3745391738002417
real_world_dataset_2__obj041__l4__to__l3,full_image_white_patch,test,obj041,l4,l3,0.4099961975550055,0.18424989378663587,0.18481593006643607,0.4,0.16470588235294117,0.16862745098039217,2.1529193189393387,1.35427267293292
real_world_dataset_2__obj044__l4__to__l3,full_image_white_patch,test,obj044,l4,l3,0.5777219147365986,0.23521263036591808,0.19741701620732943,0.5882352941176471,0.23137254901960785,0.21176470588235294,2.478096165229177,1.6175257835084433
real_world_dataset_2__obj047__l4__to__l3,full_image_white_patch,test,obj047,l4,l3,0.6932662976839183,0.31753705099398943,0.2646228089587607,0.7137254901960784,0.3176470588235294,0.2980392156862745,4.558349161257634,3.030576662009943
real_world_dataset_2__obj049__l4__to__l3,full_image_white_patch,test,obj049,l4,l3,0.6410849634496449,0.47042526073183616,0.3444296878510854,0.6509803921568628,0.4745098039215686,0.39215686274509803,6.196070530085135,4.476696265917269
real_world_dataset_2__obj058__l4__to__l3,full_image_white_patch,test,obj058,l4,l3,0.28327010012891285,0.18817010429273448,0.2226191884891162,0.25098039215686274,0.1607843137254902,0.2,3.421450650267102,2.408246205749961
real_world_dataset_2__obj064__l4__to__l3,full_image_white_patch,test,obj064,l4,l3,0.5143588660235523,0.35281894554887716,0.3402293258041209,0.5176470588235295,0.3568627450980392,0.37254901960784315,4.337331022600538,3.2516449801049974
real_world_dataset_2__obj077__l4__to__l3,full_image_white_patch,test,obj077,l4,l3,0.4174506738741874,0.18817010429273448,0.30242606738144084,0.3843137254901961,0.1607843137254902,0.2823529411764706,3.302820826384429,2.39897077432302
real_world_dataset_2__obj097__l4__to__l3,full_image_white_patch,test,obj097,l4,l3,0.2161798132562756,0.29401578795739763,0.4494387390251968,0.17254901960784313,0.2823529411764706,0.43137254901960786,3.0391289896620424,2.616847268421088
real_world_dataset_2__obj102__l4__to__l3,full_image_white_patch,test,obj102,l4,l3,0.0,0.36849978757327173,0.5670488763402016,0.0,0.38823529411764707,0.596078431372549,2.379499341712763,1.8025621886869159
real_world_dataset_2__obj110__l4__to__l3,full_image_white_patch,test,obj110,l4,l3,0.2273615277350485,0.1803296832805372,0.18061556801947162,0.19215686274509805,0.1450980392156863,0.13725490196078433,4.503184232273105,3.177769931310876
real_world_dataset_2__obj113__l4__to__l3,full_image_white_patch,test,obj113,l4,l3,0.3391786725227773,0.19209031479883312,0.1722148439255427,0.30980392156862746,0.1568627450980392,0.12941176470588237,4.396278781064371,3.0065961996495068
real_world_dataset_2__obj136__l4__to__l3,full_image_white_patch,test,obj136,l4,l3,0.48826819890641554,0.4037816821281594,0.25202172281786733,0.4823529411764706,0.39215686274509803,0.23529411764705882,1.618872486396694,1.2021091655793965
real_world_dataset_2__obj139__l4__to__l3,full_image_white_patch,test,obj139,l4,l3,0.6224487726516901,0.5057071552867238,0.32342787761626307,0.615686274509804,0.5019607843137255,0.34509803921568627,3.5745693104635876,1.775327962790745
real_world_dataset_2__obj140__l4__to__l3,full_image_white_patch,test,obj140,l4,l3,0.7603565845565556,0.46258483971963893,0.331828601710192,0.7607843137254902,0.4549019607843137,0.3568627450980392,4.334377881504306,2.9118780000396662
real_world_dataset_2__obj141__l4__to__l3,full_image_white_patch,test,obj141,l4,l3,0.4584502936296879,0.548829470853809,0.38223294627376553,0.44313725490196076,0.5490196078431373,0.403921568627451,3.4174118182783952,2.068042839077064
real_world_dataset_2__obj163__l4__to__l3,full_image_white_patch,test,obj163,l4,l3,0.19754362245832083,0.20385094631712902,0.22681955053608063,0.1450980392156863,0.1607843137254902,0.16470588235294117,6.5224856561196445,5.495815954967217
real_world_dataset_2__obj175__l4__to__l3,full_image_white_patch,test,obj175,l4,l3,0.5106316278639613,0.5135475762989211,0.5040434456357347,0.4980392156862745,0.5019607843137255,0.48627450980392156,1.529646250844404,1.5020278257707587
real_world_dataset_2__obj181__l4__to__l3,full_image_white_patch,test,obj181,l4,l3,0.16772571718159315,0.20777115682322767,0.28982498124054745,0.12156862745098039,0.17254901960784313,0.22745098039215686,6.598587690087122,5.355550672209804
real_world_dataset_2__obj182__l4__to__l3,full_image_white_patch,test,obj182,l4,l3,0.2459977185330033,0.17248926226833994,0.2604224469117963,0.21568627450980393,0.13725490196078433,0.2,5.948648047423678,3.9764776825875696
real_world_dataset_2__obj193__l4__to__l3,full_image_white_patch,test,obj193,l4,l3,0.3913600067570506,0.5057071552867238,0.5838503245280593,0.38823529411764707,0.4980392156862745,0.5607843137254902,2.4184962250044717,1.8238305850954903
real_world_dataset_2__obj194__l4__to__l3,full_image_white_patch,test,obj194,l4,l3,0.629903248970872,0.43122315567084984,0.5376463420114503,0.6313725490196078,0.4196078431372549,0.5294117647058824,1.6459386655283297,1.0436925371120158
real_world_dataset_2__obj195__l4__to__l3,full_image_white_patch,test,obj195,l4,l3,0.048454096074682464,0.41554231364645533,0.5040434456357347,0.00392156862745098,0.41568627450980394,0.48627450980392156,3.3097708237942145,2.216852248102935
real_world_dataset_2__obj198__l4__to__l3,full_image_white_patch,test,obj198,l4,l3,0.15654400270282026,0.246973261884214,0.3654314980859077,0.09803921568627451,0.20392156862745098,0.30196078431372547,6.205636990015373,4.466560843714136
real_world_dataset_2__obj199__l4__to__l3,full_image_white_patch,test,obj199,l4,l3,0.16027124086241124,0.23521263036591808,0.34863004989804985,0.10980392156862745,0.19607843137254902,0.2823529411764706,6.642829101901758,4.769021885022307
real_world_dataset_2__obj205__l4__to__l3,full_image_white_patch,test,obj205,l4,l3,0.0,0.41554231364645533,0.7014604618430642,0.0,0.38823529411764707,0.6078431372549019,10.603242462117182,3.7810169158343205
real_world_dataset_2__obj006__l4__to__l4,full_image_white_patch,test,obj006,l4,l4,0.2980392156862745,0.3254901960784314,0.1568627450980392,0.2980392156862745,0.3254901960784314,0.1568627450980392,0.0,0.0
real_world_dataset_2__obj014__l4__to__l4,full_image_white_patch,test,obj014,l4,l4,0.7529411764705882,0.33725490196078434,0.18823529411764706,0.7529411764705882,0.33725490196078434,0.18823529411764706,0.0,0.0
real_world_dataset_2__obj019__l4__to__l4,full_image_white_patch,test,obj019,l4,l4,0.2196078431372549,0.16862745098039217,0.1450980392156863,0.2196078431372549,0.16862745098039217,0.1450980392156863,0.0,0.0
real_world_dataset_2__obj022__l4__to__l4,full_image_white_patch,test,obj022,l4,l4,0.3058823529411765,0.18823529411764706,0.1411764705882353,0.3058823529411765,0.18823529411764706,0.1411764705882353,0.0,0.0
real_world_dataset_2__obj030__l4__to__l4,full_image_white_patch,test,obj030,l4,l4,0.48627450980392156,0.4745098039215686,0.2823529411764706,0.48627450980392156,0.4745098039215686,0.2823529411764706,0.0,0.0
real_world_dataset_2__obj034__l4__to__l4,full_image_white_patch,test,obj034,l4,l4,0.7686274509803922,0.5647058823529412,0.3411764705882353,0.7686274509803922,0.5647058823529412,0.3411764705882353,0.0,0.0
real_world_dataset_2__obj035__l4__to__l4,full_image_white_patch,test,obj035,l4,l4,0.7568627450980392,0.4666666666666667,0.3215686274509804,0.7568627450980392,0.4666666666666667,0.3215686274509804,0.0,0.0
real_world_dataset_2__obj036__l4__to__l4,full_image_white_patch,test,obj036,l4,l4,0.1843137254901961,0.18823529411764706,0.16470588235294117,0.1843137254901961,0.18823529411764706,0.16470588235294117,0.0,0.0
real_world_dataset_2__obj041__l4__to__l4,full_image_white_patch,test,obj041,l4,l4,0.43137254901960786,0.1843137254901961,0.17254901960784313,0.43137254901960786,0.1843137254901961,0.17254901960784313,0.0,0.0
real_world_dataset_2__obj044__l4__to__l4,full_image_white_patch,test,obj044,l4,l4,0.6078431372549019,0.23529411764705882,0.1843137254901961,0.6078431372549019,0.23529411764705882,0.1843137254901961,0.0,0.0
real_world_dataset_2__obj047__l4__to__l4,full_image_white_patch,test,obj047,l4,l4,0.7294117647058823,0.3176470588235294,0.24705882352941178,0.7294117647058823,0.3176470588235294,0.24705882352941178,0.0,0.0
real_world_dataset_2__obj049__l4__to__l4,full_image_white_patch,test,obj049,l4,l4,0.6745098039215687,0.47058823529411764,0.3215686274509804,0.6745098039215687,0.47058823529411764,0.3215686274509804,0.0,0.0
real_world_dataset_2__obj058__l4__to__l4,full_image_white_patch,test,obj058,l4,l4,0.2980392156862745,0.18823529411764706,0.20784313725490197,0.2980392156862745,0.18823529411764706,0.20784313725490197,0.0,0.0
real_world_dataset_2__obj064__l4__to__l4,full_image_white_patch,test,obj064,l4,l4,0.5411764705882353,0.35294117647058826,0.3176470588235294,0.5411764705882353,0.35294117647058826,0.3176470588235294,0.0,0.0
real_world_dataset_2__obj077__l4__to__l4,full_image_white_patch,test,obj077,l4,l4,0.4392156862745098,0.18823529411764706,0.2823529411764706,0.4392156862745098,0.18823529411764706,0.2823529411764706,0.0,0.0
real_world_dataset_2__obj097__l4__to__l4,full_image_white_patch,test,obj097,l4,l4,0.22745098039215686,0.29411764705882354,0.4196078431372549,0.22745098039215686,0.29411764705882354,0.4196078431372549,0.0,0.0
real_world_dataset_2__obj102__l4__to__l4,full_image_white_patch,test,obj102,l4,l4,0.0,0.3686274509803922,0.5294117647058824,0.0,0.3686274509803922,0.5294117647058824,0.0,0.0
real_world_dataset_2__obj110__l4__to__l4,full_image_white_patch,test,obj110,l4,l4,0.23921568627450981,0.1803921568627451,0.16862745098039217,0.23921568627450981,0.1803921568627451,0.16862745098039217,0.0,0.0
real_world_dataset_2__obj113__l4__to__l4,full_image_white_patch,test,obj113,l4,l4,0.3568627450980392,0.19215686274509805,0.1607843137254902,0.3568627450980392,0.19215686274509805,0.1607843137254902,0.0,0.0
real_world_dataset_2__obj136__l4__to__l4,full_image_white_patch,test,obj136,l4,l4,0.5137254901960784,0.403921568627451,0.23529411764705882,0.5137254901960784,0.403921568627451,0.23529411764705882,0.0,0.0
real_world_dataset_2__obj139__l4__to__l4,full_image_white_patch,test,obj139,l4,l4,0.6549019607843137,0.5058823529411764,0.30196078431372547,0.6549019607843137,0.5058823529411764,0.30196078431372547,0.0,0.0
real_world_dataset_2__obj140__l4__to__l4,full_image_white_patch,test,obj140,l4,l4,0.8,0.4627450980392157,0.30980392156862746,0.8,0.4627450980392157,0.30980392156862746,0.0,0.0
real_world_dataset_2__obj141__l4__to__l4,full_image_white_patch,test,obj141,l4,l4,0.4823529411764706,0.5490196078431373,0.3568627450980392,0.4823529411764706,0.5490196078431373,0.3568627450980392,0.0,0.0
real_world_dataset_2__obj163__l4__to__l4,full_image_white_patch,test,obj163,l4,l4,0.20784313725490197,0.20392156862745098,0.21176470588235294,0.20784313725490197,0.20392156862745098,0.21176470588235294,0.0,0.0
real_world_dataset_2__obj175__l4__to__l4,full_image_white_patch,test,obj175,l4,l4,0.5372549019607843,0.5137254901960784,0.47058823529411764,0.5372549019607843,0.5137254901960784,0.47058823529411764,0.0,0.0
real_world_dataset_2__obj181__l4__to__l4,full_image_white_patch,test,obj181,l4,l4,0.17647058823529413,0.20784313725490197,0.27058823529411763,0.17647058823529413,0.20784313725490197,0.27058823529411763,0.0,0.0
real_world_dataset_2__obj182__l4__to__l4,full_image_white_patch,test,obj182,l4,l4,0.25882352941176473,0.17254901960784313,0.24313725490196078,0.25882352941176473,0.17254901960784313,0.24313725490196078,0.0,0.0
real_world_dataset_2__obj193__l4__to__l4,full_image_white_patch,test,obj193,l4,l4,0.4117647058823529,0.5058823529411764,0.5450980392156862,0.4117647058823529,0.5058823529411764,0.5450980392156862,0.0,0.0
real_world_dataset_2__obj194__l4__to__l4,full_image_white_patch,test,obj194,l4,l4,0.6627450980392157,0.43137254901960786,0.5019607843137255,0.6627450980392157,0.43137254901960786,0.5019607843137255,0.0,0.0
real_world_dataset_2__obj195__l4__to__l4,full_image_white_patch,test,obj195,l4,l4,0.050980392156862744,0.41568627450980394,0.47058823529411764,0.050980392156862744,0.41568627450980394,0.47058823529411764,0.0,0.0
real_world_dataset_2__obj198__l4__to__l4,full_image_white_patch,test,obj198,l4,l4,0.16470588235294117,0.24705882352941178,0.3411764705882353,0.16470588235294117,0.24705882352941178,0.3411764705882353,0.0,0.0
real_world_dataset_2__obj199__l4__to__l4,full_image_white_patch,test,obj199,l4,l4,0.16862745098039217,0.23529411764705882,0.3254901960784314,0.16862745098039217,0.23529411764705882,0.3254901960784314,0.0,0.0
real_world_dataset_2__obj205__l4__to__l4,full_image_white_patch,test,obj205,l4,l4,0.0,0.41568627450980394,0.6549019607843137,0.0,0.41568627450980394,0.6549019607843137,0.0,0.0
